hour,bus_id,demandP,demandQ
1,1,55.882866167965,5.588286616797
1,2,67.541643837848,6.754164383785
1,3,309.772229747388,30.977222974739
1,4,71.847534685818,7.184753468582
1,5,81.131500920782,8.113150092078
1,6,69.030013791640,6.903001379164
1,7,465.780456708374,46.578045670837
1,8,1063.221623887033,106.322162388703
1,9,269.175050524434,26.917505052443
1,10,591.366964824806,59.136696482481
1,11,489.818257029821,48.981825702982
1,12,268.769153319124,26.876915331912
1,13,289.686032405020,28.968603240502
1,14,310.666851729393,31.066685172939
1,15,91.901310778384,9.190131077838
1,16,395.914467907933,39.591446790793
1,17,426.917784274441,42.691778427444
1,18,445.719883581991,44.571988358199
1,19,419.615784980046,41.961578498005
1,20,216.697558449742,21.669755844974
1,21,654.089210932389,65.408921093239
1,22,528.192625742251,52.819262574225
1,23,309.093789531221,30.909378953122
1,24,505.683676823792,50.568367682379
1,25,408.932652341301,40.893265234130
1,26,482.658273636691,48.265827363669
1,27,27.493039379628,2.749303937963
1,28,109.424124110455,10.942412411046
1,29,532.152228769982,53.215222876998
1,30,413.472228820959,41.347222882096
1,31,336.271939777803,33.627193977780
1,32,138.645895807897,13.864589580790
1,33,399.810491601637,39.981049160164
1,34,894.134400092770,89.413440009277
1,35,544.714290128683,54.471429012868
1,36,628.390167425369,62.839016742537
1,37,770.394038542043,77.039403854204
1,38,312.018378745710,31.201837874571
1,39,601.971299991861,60.197129999186
1,40,912.485970344634,91.248597034463
1,41,164.875168103418,16.487516810342
1,42,1006.235051758749,100.623505175875
1,43,524.459851161648,52.445985116165
1,44,161.810668263626,16.181066826363
1,45,296.267365662542,29.626736566254
1,46,932.014750763231,93.201475076323
1,47,2360.649965337501,236.064996533750
1,48,164.665843522138,16.466584352214
1,49,336.894740557853,33.689474055785
1,50,400.626917619371,40.062691761937
1,51,1605.012227062353,160.501222706235
1,52,369.360441757719,36.936044175772
1,53,766.569534080275,76.656953408028
1,54,329.363206032951,32.936320603295
1,55,958.718973315587,95.871897331559
1,56,133.200148403819,13.320014840382
1,57,1509.557872119706,150.955787211971
1,58,1130.013368427519,113.001336842752
1,59,102.608684166053,10.260868416605
1,60,149.429720788326,14.942972078833
1,61,715.386726570949,71.538672657095
1,62,842.011857545128,84.201185754513
1,63,116.656047790715,11.665604779072
1,64,425.058584997778,42.505858499778
1,65,101.085847837240,10.108584783724
1,66,29.201019691539,2.920101969154
1,67,23.135900099690,2.313590009969
1,68,36.527801091534,3.652780109153
1,69,38.008952956316,3.800895295632
1,70,209.637425287911,20.963742528791
1,71,236.423633301269,23.642363330127
1,72,82.542637322170,8.254263732217
1,73,268.054803110135,26.805480311013
1,74,76.230839538417,7.623083953842
1,75,158.202706472148,15.820270647215
1,76,70.426292959816,7.042629295982
1,77,290.433405371228,29.043340537123
1,78,70.292517710171,7.029251771017
1,79,128.131666451979,12.813166645198
1,80,33.999364662192,3.399936466219
1,81,185.579233865012,18.557923386501
1,82,80.691017038968,8.069101703897
1,83,212.198824323730,21.219882432373
1,84,309.535656880096,30.953565688010
1,85,199.854508650155,19.985450865015
1,86,195.711445860095,19.571144586009
1,87,44.773084318008,4.477308431801
1,88,12.589490096937,1.258949009694
1,89,67.911209995143,6.791120999514
1,90,136.006360958549,13.600636095855
1,91,45.528457332869,4.552845733287
1,92,23.106967592910,2.310696759291
1,93,90.089329833993,9.008932983399
1,94,33.300773947541,3.330077394754
1,95,51.172341280262,5.117234128026
1,96,132.391421681028,13.239142168103
1,97,41.194355787020,4.119435578702
1,98,212.381802880125,21.238180288013
1,99,681.413467330675,68.141346733067
1,100,159.687707984402,15.968770798440
1,101,249.044221331689,24.904422133169
1,102,73.317739115602,7.331773911560
1,103,76.861700517861,7.686170051786
1,104,162.372355890061,16.237235589006
1,105,108.849323622320,10.884932362232
1,106,128.821174404626,12.882117440463
1,107,24.459878076287,2.445987807629
1,108,668.619284259572,66.861928425957
1,109,350.134520323819,35.013452032382
1,110,204.902298746834,20.490229874683
1,111,129.756819192503,12.975681919250
1,112,23.988717316181,2.398871731618
1,113,509.916063465346,50.991606346535
1,114,56.404132495946,5.640413249595
1,115,24.595638300410,2.459563830041
1,116,34.720932960191,3.472093296019
1,117,209.649876491453,20.964987649145
1,118,76.141214933213,7.614121493321
1,119,76.706391302670,7.670639130267
1,120,31.451439392525,3.145143939252
1,121,73.193166929444,7.319316692944
1,122,60.611195675225,6.061119567523
1,123,49.296901303328,4.929690130333
1,124,95.802447285137,9.580244728514
1,125,20.403672957309,2.040367295731
1,126,339.913405532434,33.991340553243
1,127,267.849809382260,26.784980938226
1,128,404.694671680764,40.469467168076
1,129,47.900140929217,4.790014092922
1,130,60.595075276437,6.059507527644
1,131,155.284613537769,15.528461353777
1,132,83.357439269877,8.335743926988
1,133,249.493246618832,24.949324661883
1,134,568.422464385355,56.842246438536
1,135,120.633575739488,12.063357573949
1,136,138.722828606592,13.872282860659
1,137,1650.920295726388,165.092029572639
1,138,35.675284628752,3.567528462875
1,139,37.849373038461,3.784937303846
1,140,43.768867684539,4.376886768454
1,141,45.495193972683,4.549519397268
1,142,61.818300760607,6.181830076061
1,143,88.882224748611,8.888222474861
1,144,40.886684742983,4.088668474298
1,145,127.006306224631,12.700630622463
1,146,37.146391319662,3.714639131966
1,147,50.353809986567,5.035380998657
1,148,272.621327122095,27.262132712209
1,149,1078.518438719267,107.851843871927
1,150,599.762264001197,59.976226400120
1,151,506.893669144777,50.689366914478
1,152,227.174674798002,22.717467479800
1,153,178.016120200693,17.801612020069
1,154,121.846214693110,12.184621469311
1,155,341.428181661853,34.142818166185
1,156,367.829424928029,36.782942492803
1,157,173.161293683538,17.316129368354
1,158,453.013461772542,45.301346177254
1,159,315.074758235366,31.507475823537
1,160,899.214430987026,89.921443098703
1,161,148.274766396039,14.827476639604
1,162,53.502159960355,5.350215996035
1,163,56.273725687838,5.627372568784
1,164,47.325460742565,4.732546074256
1,165,1379.921234109214,137.992123410921
1,166,443.232349657037,44.323234965704
1,167,1841.684884434456,184.168488443446
1,168,117.283600479363,11.728360047936
1,169,33.052531836351,3.305253183635
1,170,145.239138912286,14.523913891229
1,171,40.657811170635,4.065781117064
1,172,428.792983648409,42.879298364841
1,173,44.495548795587,4.449554879559
1,174,322.654052449215,32.265405244922
1,175,146.291115234702,14.629111523470
1,176,423.920472813181,42.392047281318
1,177,542.026093329261,54.202609332926
1,178,612.683244835903,61.268324483590
1,179,327.022500068602,32.702250006860
1,180,305.862732287531,30.586273228753
1,181,277.284272773076,27.728427277308
1,182,500.590412766352,50.059041276635
1,183,226.452444841844,22.645244484184
1,184,447.428706004286,44.742870600429
1,185,255.698637740435,25.569863774043
1,186,382.898087996816,38.289808799682
1,187,52.919299272825,5.291929927282
1,188,48.331241295319,4.833124129532
1,189,88.223935030930,8.822393503093
1,190,158.307428913530,15.830742891353
1,191,220.330663251269,22.033066325127
1,192,110.056549009185,11.005654900919
1,193,31.392551816354,3.139255181635
2,1,53.446478825980,5.344647882598
2,2,64.596955825448,6.459695582545
2,3,296.266746023870,29.626674602387
2,4,68.715117970913,6.871511797091
2,5,77.594320825447,7.759432082545
2,6,66.020435662389,6.602043566239
2,7,445.473309156971,44.547330915697
2,8,1016.867170656645,101.686717065665
2,9,257.439527083229,25.743952708323
2,10,565.584482887738,56.558448288774
2,11,468.463106817704,46.846310681770
2,12,257.051326228893,25.705132622889
2,13,277.056268921163,27.705626892116
2,14,297.122364178365,29.712236417836
2,15,87.894587329031,8.789458732903
2,16,378.653345416107,37.865334541611
2,17,408.304975787701,40.830497578770
2,18,426.287339102863,42.628733910286
2,19,401.321329861198,40.132132986120
2,20,207.249954476475,20.724995447648
2,21,625.572157614926,62.557215761493
2,22,505.164425584796,50.516442558480
2,23,295.617884518824,29.561788451882
2,24,483.636824295528,48.363682429553
2,25,391.103961613556,39.110396161356
2,26,461.615285167592,46.161528516759
2,27,26.294394826647,2.629439482665
2,28,104.653439119296,10.465343911930
2,29,508.951397404474,50.895139740447
2,30,395.445621138851,39.544562113885
2,31,321.611118783461,32.161111878346
2,32,132.601196802137,13.260119680214
2,33,382.379509840552,38.237950984055
2,34,855.151830231884,85.515183023188
2,35,520.965776631203,52.096577663120
2,36,600.993543831633,60.099354383163
2,37,736.806314565917,73.680631456592
2,38,298.414967171261,29.841496717126
2,39,575.726489084523,57.572648908452
2,40,872.703306706654,87.270330670665
2,41,157.686922400926,15.768692240093
2,42,962.365105364127,96.236510536413
2,43,501.594392920675,50.159439292067
2,44,154.756028962007,15.475602896201
2,45,283.350668487887,28.335066848789
2,46,891.380669209905,89.138066920990
2,47,2257.730088659768,225.773008865977
2,48,157.486723975750,15.748672397575
2,49,322.206766626642,32.220676662664
2,50,383.160341227021,38.316034122702
2,51,1535.036727559658,153.503672755966
2,52,353.257024616880,35.325702461688
2,53,733.148551270073,73.314855127007
2,54,315.003592771843,31.500359277184
2,55,916.920638132024,91.692063813202
2,56,127.392873691993,12.739287369199
2,57,1443.744002076398,144.374400207640
2,58,1080.746921376729,108.074692137673
2,59,98.135139474761,9.813513947476
2,60,142.914867395683,14.291486739568
2,61,684.197217428689,68.419721742869
2,62,805.301732023684,80.530173202368
2,63,111.570064595991,11.157006459599
2,64,406.526834085470,40.652683408547
2,65,96.678695931606,9.667869593161
2,66,27.927910425173,2.792791042517
2,67,22.127218583984,2.212721858398
2,68,34.935258004312,3.493525800431
2,69,36.351834447281,3.635183444728
2,70,200.497629776303,20.049762977630
2,71,226.116009748283,22.611600974828
2,72,78.943934346891,7.894393434689
2,73,256.368120338839,25.636812033884
2,74,72.907319016723,7.290731901672
2,75,151.305367485311,15.130536748531
2,76,67.355839697908,6.735583969791
2,77,277.771057838638,27.777105783864
2,78,67.227896796302,6.722789679630
2,79,122.545367973430,12.254536797343
2,80,32.517056624349,3.251705662435
2,81,177.488330027601,17.748833002760
2,82,77.173041208331,7.717304120833
2,83,202.947356655403,20.294735665540
2,84,296.040487286451,29.604048728645
2,85,191.141229813484,19.114122981348
2,86,187.178796730361,18.717879673036
2,87,42.821062466335,4.282106246633
2,88,12.040612123820,1.204061212382
2,89,64.950409596793,6.495040959679
2,90,130.076740683295,13.007674068330
2,91,43.543502645461,4.354350264546
2,92,22.099547479814,2.209954747981
2,93,86.161605329031,8.616160532903
2,94,31.848923144466,3.184892314447
2,95,48.941323920125,4.894132392012
2,96,126.619405925760,12.661940592576
2,97,39.398359735224,3.939835973522
2,98,203.122357692583,20.312235769258
2,99,651.705128079204,65.170512807920
2,100,152.725625738398,15.272562573840
2,101,238.186363994464,23.818636399446
2,102,70.121224266358,7.012122426636
2,103,73.510675649840,7.351067564984
2,104,155.293228069563,15.529322806956
2,105,104.103698846025,10.410369884603
2,106,123.204814682566,12.320481468257
2,107,23.393473623222,2.339347362322
2,108,639.468747208006,63.946874720801
2,109,334.869317019019,33.486931701902
2,110,195.968945802662,19.596894580266
2,111,124.099667126132,12.409966712613
2,112,22.942854581726,2.294285458173
2,113,487.684686879049,48.768468687905
2,114,53.945018927295,5.394501892729
2,115,23.523314958170,2.352331495817
2,116,33.207165908375,3.320716590838
2,117,200.509538130904,20.050953813090
2,118,72.821601874909,7.282160187491
2,119,73.362137622884,7.336213762288
2,120,30.080216080663,3.008021608066
2,121,70.002083192065,7.000208319207
2,122,57.968662103632,5.796866210363
2,123,47.147649581458,4.714764958146
2,124,91.625641657539,9.162564165754
2,125,19.514111380890,1.951411138089
2,126,325.093823513842,32.509382351384
2,127,256.172063950046,25.617206395005
2,128,387.050748899707,38.705074889971
2,129,45.811785319674,4.581178531967
2,130,57.953244523762,5.795324452376
2,131,148.514497887450,14.851449788745
2,132,79.723212469717,7.972321246972
2,133,238.615812627780,23.861581262778
2,134,543.640319300567,54.364031930057
2,135,115.374179844033,11.537417984403
2,136,132.674775476218,13.267477547622
2,137,1578.943291199741,157.894329119974
2,138,34.119909647985,3.411990964798
2,139,36.199211912226,3.619921191223
2,140,41.860627780038,4.186062778004
2,141,43.511689504908,4.351168950491
2,142,59.123139688813,5.912313968881
2,143,85.007127743850,8.500712774385
2,144,39.104102567185,3.910410256718
2,145,121.469071324977,12.146907132498
2,146,35.526878867677,3.552687886768
2,147,48.158479043747,4.815847904375
2,148,260.735552534961,26.073555253496
2,149,1031.497073274357,103.149707327436
2,150,573.613762887803,57.361376288780
2,151,484.794063238297,48.479406323830
2,152,217.270288354512,21.727028835451
2,153,170.254953824175,17.025495382418
2,154,116.533950031259,11.653395003126
2,155,326.542558267062,32.654255826706
2,156,351.792757227224,35.179275722722
2,157,165.611788567172,16.561178856717
2,158,433.262931069733,43.326293106973
2,159,301.338094291961,30.133809429196
2,160,860.010381380802,86.001038138080
2,161,141.810266831946,14.181026683195
2,162,51.169566909303,5.116956690930
2,163,53.820297609542,5.382029760954
2,164,45.262160102970,4.526216010297
2,165,1319.759276459893,131.975927645989
2,166,423.908256955406,42.390825695541
2,167,1761.390904399961,176.139090439996
2,168,112.170257173538,11.217025717354
2,169,31.611503920127,3.161150392013
2,170,138.906986968914,13.890698696891
2,171,38.885207450003,3.888520745000
2,172,410.098420013235,41.009842001324
2,173,42.555626968127,4.255562696813
2,174,308.586945603539,30.858694560354
2,175,139.913099111989,13.991309911199
2,176,405.438341441001,40.543834144100
2,177,518.394780131336,51.839478013134
2,178,585.971413379768,58.597141337977
2,179,312.764937163425,31.276493716342
2,180,292.527695264011,29.252769526401
2,181,265.195202568887,26.519520256889
2,182,478.765616924329,47.876561692433
2,183,216.579546259372,21.657954625937
2,184,427.921660097352,42.792166009735
2,185,244.550660425150,24.455066042515
2,186,366.204455067150,36.620445506715
2,187,50.612117846097,5.061211784610
2,188,46.224090524627,4.622409052463
2,189,84.377538213641,8.437753821364
2,190,151.405524226182,15.140552422618
2,191,210.724662775506,21.072466277551
2,192,105.258291487773,10.525829148777
2,193,30.023895891512,3.002389589151
3,1,51.765553189740,5.176555318974
3,2,62.565340619821,6.256534061982
3,3,286.948969072118,28.694896907212
3,4,66.553983955505,6.655398395551
3,5,75.153930252163,7.515393025216
3,6,63.944051113614,6.394405111361
3,7,431.462891219788,43.146289121979
3,8,984.886053596095,98.488605359609
3,9,249.342890777874,24.934289077787
3,10,547.796492404002,54.779649240400
3,11,453.729645171960,45.372964517196
3,12,248.966899086470,24.896689908647
3,13,268.342673650893,26.834267365089
3,14,287.777677493318,28.777767749332
3,15,85.130246845363,8.513024684536
3,16,366.744457692549,36.674445769255
3,17,395.463525494208,39.546352549421
3,18,412.880332084950,41.288033208495
3,19,388.699519658693,38.869951965869
3,20,200.731812042370,20.073181204237
3,21,605.897516737706,60.589751673771
3,22,489.276684200619,48.927668420062
3,23,286.320514672688,28.632051467269
3,24,468.426139617213,46.842613961721
3,25,378.803494118739,37.880349411874
3,26,447.097191853250,44.709719185325
3,27,25.467419442591,2.546741944259
3,28,101.362022124191,10.136202212419
3,29,492.944553356188,49.294455335619
3,30,383.008605699994,38.300860569999
3,31,311.496245243836,31.149624524384
3,32,128.430805113162,12.843080511316
3,33,370.353431884008,37.035343188401
3,34,828.256763131302,82.825676313130
3,35,504.581072740896,50.458107274090
3,36,582.091915937103,58.209191593710
3,37,713.633288946583,71.363328894658
3,38,289.029627302769,28.902962730277
3,39,557.619526077366,55.761952607737
3,40,845.256234545899,84.525623454590
3,41,152.727568741229,15.272756874123
3,42,932.098112803275,93.209811280327
3,43,485.818931326657,48.581893132666
3,44,149.888853758717,14.988885375872
3,45,274.439110361524,27.443911036152
3,46,863.346182159737,86.334618215974
3,47,2186.723046304443,218.672304630444
3,48,152.533666683421,15.253366668342
3,49,312.073159584796,31.207315958480
3,50,371.109705628442,37.110970562844
3,51,1486.758849491642,148.675884949164
3,52,342.146867279969,34.214686727997
3,53,710.090564624875,71.009056462487
3,54,305.096530113477,30.509653011348
3,55,888.082902870693,88.808290287069
3,56,123.386287066138,12.338628706614
3,57,1398.337338090917,139.833733809092
3,58,1046.756745665717,104.675674566572
3,59,95.048727135114,9.504872713511
3,60,138.420104229199,13.842010422920
3,61,662.678781260709,66.267878126071
3,62,779.974482109339,77.997448210934
3,63,108.061115345527,10.806111534553
3,64,393.741307475592,39.374130747559
3,65,93.638089664562,9.363808966456
3,66,27.049559940136,2.704955994014
3,67,21.431303534133,2.143130353413
3,68,33.836521996289,3.383652199629
3,69,35.208546212227,3.520854621223
3,70,194.191852233993,19.419185223399
3,71,219.004517917590,21.900451791759
3,72,76.461097572902,7.646109757290
3,73,248.305180454709,24.830518045471
3,74,70.614337621189,7.061433762119
3,75,146.546717772672,14.654671777267
3,76,65.237455845768,6.523745584577
3,77,269.034982003842,26.903498200384
3,78,65.113536829514,6.511353682951
3,79,118.691238475026,11.869123847503
3,80,31.494374582509,3.149437458251
3,81,171.906209546880,17.190620954688
3,82,74.745900146034,7.474590014603
3,83,196.564533649981,19.656453364998
3,84,286.729826315406,28.672982631541
3,85,185.129716980579,18.512971698058
3,86,181.291904929517,18.129190492952
3,87,41.474312909548,4.147431290955
3,88,11.661927240559,1.166192724056
3,89,62.907678046020,6.290767804602
3,90,125.985744739389,12.598574473939
3,91,42.174031887120,4.217403188712
3,92,21.404502703730,2.140450270373
3,93,83.451768227718,8.345176822772
3,94,30.847254324066,3.084725432407
3,95,47.402088261276,4.740208826128
3,96,122.637145351418,12.263714535142
3,97,38.159256348817,3.815925634882
3,98,196.734030793616,19.673403079362
3,99,631.208588716444,63.120858871644
3,100,147.922308003466,14.792230800347
3,101,230.695251871910,23.069525187191
3,102,67.915867316696,6.791586731670
3,103,71.198718305755,7.119871830576
3,104,150.409157613835,15.040915761384
3,105,100.829571530969,10.082957153097
3,106,119.329945167168,11.932994516717
3,107,22.657734049769,2.265773404977
3,108,619.357049779701,61.935704977970
3,109,324.337464741149,32.433746474115
3,110,189.805598241839,18.980559824184
3,111,120.196653934180,12.019665393418
3,112,22.221287262754,2.222128726275
3,113,472.346694356736,47.234669435674
3,114,52.248413888867,5.224841388887
3,115,22.783491792433,2.278349179243
3,116,32.162779492125,3.216277949212
3,117,194.203386063294,19.420338606329
3,118,70.531316337818,7.053131633782
3,119,71.054851893899,7.105485189390
3,120,29.134174218518,2.913417421852
3,121,67.800473304707,6.780047330471
3,122,56.145510936914,5.614551093691
3,123,45.664826117484,4.566482611748
3,124,88.743957150303,8.874395715030
3,125,18.900380208901,1.890038020890
3,126,314.869416702926,31.486941670293
3,127,248.115290163614,24.811529016361
3,128,374.877757513878,37.487775751388
3,129,44.370975633473,4.437097563347
3,130,56.130578249704,5.613057824970
3,131,143.843622792662,14.384362279266
3,132,77.215866904818,7.721586690482
3,133,231.111194073501,23.111119407350
3,134,526.542486671002,52.654248667100
3,135,111.745588757771,11.174558875777
3,136,128.502069691305,12.850206969130
3,137,1529.284523874976,152.928452387498
3,138,33.046816862579,3.304681686258
3,139,35.060723752639,3.506072375264
3,140,40.544084502909,4.054408450291
3,141,42.143219290003,4.214321929000
3,142,57.263679470273,5.726367947027
3,143,82.333599694359,8.233359969436
3,144,37.874253755229,3.787425375523
3,145,117.648792038380,11.764879203838
3,146,34.409536008501,3.440953600850
3,147,46.643864352468,4.664386435247
3,148,252.535254139957,25.253525413996
3,149,999.055836503285,99.905583650328
3,150,555.573246458689,55.557324645869
3,151,469.546982661714,46.954698266171
3,152,210.437000068532,21.043700006853
3,153,164.900327609944,16.490032760994
3,154,112.868883437486,11.286888343749
3,155,316.272587829874,31.627258782987
3,156,340.728652027847,34.072865202785
3,157,160.403192843353,16.040319284335
3,158,419.636537262968,41.963653726297
3,159,291.860820222693,29.186082022269
3,160,832.962509766983,83.296250976698
3,161,137.350244053345,13.735024405335
3,162,49.560251596067,4.956025159607
3,163,52.127615135612,5.212761513561
3,164,43.838636478216,4.383863647822
3,165,1278.252010683031,127.825201068303
3,166,410.576073579017,41.057607357902
3,167,1705.994043995245,170.599404399525
3,168,108.642431486076,10.864243148608
3,169,30.617302084820,3.061730208482
3,170,134.538274182255,13.453827418226
3,171,37.662243028229,3.766224302823
3,172,397.200564762071,39.720056476207
3,173,41.217225526006,4.121722552601
3,174,298.881690565822,29.888169056582
3,175,135.512743460704,13.551274346070
3,176,392.687048614734,39.268704861473
3,177,502.090935710581,50.209093571058
3,178,567.542241009759,56.754224100976
3,179,302.928281642921,30.292828164292
3,180,283.327513828662,28.332751382866
3,181,256.854645353558,25.685464535356
3,182,463.708134805463,46.370813480546
3,183,209.767982250113,20.976798225011
3,184,414.463252648245,41.446325264824
3,185,236.859387145828,23.685938714583
3,186,354.687092835823,35.468709283582
3,187,49.020334659240,4.902033465924
3,188,44.770313578390,4.477031357839
3,189,81.723811153942,8.172381115394
3,190,146.643724520558,14.664372452056
3,191,204.097238562944,20.409723856294
3,192,101.947851502292,10.194785150229
3,193,29.079625335014,2.907962533501
4,1,50.749843672832,5.074984367283
4,2,61.337724802345,6.133772480234
4,3,281.318645801252,28.131864580125
4,4,65.248105611195,6.524810561119
4,5,73.679309438001,7.367930943800
4,6,62.689383148845,6.268938314884
4,7,422.997011154753,42.299701115475
4,8,965.561269525098,96.556126952510
4,9,244.450449153458,24.445044915346
4,10,537.047991202361,53.704799120236
4,11,444.826861558015,44.482686155802
4,12,244.081834922850,24.408183492285
4,13,263.077430827722,26.307743082772
4,14,282.131093852799,28.213109385280
4,15,83.459877331864,8.345987733186
4,16,359.548440012874,35.954844001287
4,17,387.704001222110,38.770400122211
4,18,404.779066729866,40.477906672987
4,19,381.072714244526,38.107271424453
4,20,196.793184919227,19.679318491923
4,21,594.008995586089,59.400899558609
4,22,479.676420049627,47.967642004963
4,23,280.702522519237,28.070252251924
4,24,459.234991089664,45.923499108966
4,25,371.370861985859,37.137086198586
4,26,438.324545860583,43.832454586058
4,27,24.967714548024,2.496771454802
4,28,99.373163429932,9.937316342993
4,29,483.272320697598,48.327232069760
4,30,375.493463643245,37.549346364324
4,31,305.384271522323,30.538427152232
4,32,125.910820625805,12.591082062581
4,33,363.086601294847,36.308660129485
4,34,812.005255614861,81.200525561486
4,35,494.680515979607,49.468051597961
4,36,570.670492571543,57.067049257154
4,37,699.630847583530,69.963084758353
4,38,283.358478729436,28.335847872944
4,39,546.678283792667,54.667828379267
4,40,828.671174621838,82.867117462184
4,41,149.730849195007,14.973084919501
4,42,913.809098863908,91.380909886391
4,43,476.286512920273,47.628651292027
4,44,146.947833604192,14.694783360419
4,45,269.054247281163,26.905424728116
4,46,846.406173223843,84.640617322384
4,47,2143.816610033354,214.381661003335
4,48,149.540751755393,14.954075175539
4,49,305.949866030877,30.594986603088
4,50,363.828035935044,36.382803593504
4,51,1457.586648680022,145.758664868002
4,52,335.433487283764,33.543348728376
4,53,696.157636260092,69.615763626009
4,54,299.110127378130,29.911012737813
4,55,870.657526328446,87.065752632845
4,56,120.965282782273,12.096528278227
4,57,1370.900085813507,137.090008581351
4,58,1026.217975712594,102.621797571259
4,59,93.183743748049,9.318374374805
4,60,135.704116308010,13.570411630801
4,61,649.676135615017,64.967613561502
4,62,764.670337642458,76.467033764246
4,63,105.940811465805,10.594081146581
4,64,386.015575428707,38.601557542871
4,65,91.800784874854,9.180078487485
4,66,26.518811329015,2.651881132902
4,67,21.010792641889,2.101079264189
4,68,33.172604095427,3.317260409543
4,69,34.517707357802,3.451770735780
4,70,190.381547885519,19.038154788552
4,71,214.707355820638,21.470735582064
4,72,74.960828384368,7.496082838437
4,73,243.433100097315,24.343310009731
4,74,69.228789697282,6.922878969728
4,75,143.671274804494,14.367127480449
4,76,63.957409547054,6.395740954705
4,77,263.756155163127,26.375615516313
4,78,63.835921987944,6.383592198794
4,79,116.362357335656,11.636235733566
4,80,30.876412752269,3.087641275227
4,81,168.533179369605,16.853317936961
4,82,73.279285429296,7.327928542930
4,83,192.707674112847,19.270767411285
4,84,281.103802919067,28.110380291907
4,85,181.497223868597,18.149722386860
4,86,177.734714832459,17.773471483246
4,87,40.660531316699,4.066053131670
4,88,11.433104601683,1.143310460168
4,89,61.673345109526,6.167334510953
4,90,123.513735612828,12.351373561283
4,91,41.346520870342,4.134652087034
4,92,20.984517679689,2.098451767969
4,93,81.814332713777,8.181433271378
4,94,30.241989860406,3.024198986041
4,95,46.471995773095,4.647199577310
4,96,120.230840231809,12.023084023181
4,97,37.410520607705,3.741052060770
4,98,192.873845495407,19.287384549541
4,99,618.823430416999,61.882343041700
4,100,145.019874111735,14.501987411174
4,101,226.168701909758,22.616870190976
4,102,66.583266995981,6.658326699598
4,103,69.801704049775,6.980170404977
4,104,147.457928400491,14.745792840049
4,105,98.851160230806,9.885116023081
4,106,116.988531746661,11.698853174666
4,107,22.213158947450,2.221315894745
4,108,607.204434554681,60.720443455468
4,109,317.973529086489,31.797352908649
4,110,186.081358074058,18.608135807406
4,111,117.838234526317,11.783823452632
4,112,21.785275831214,2.178527583121
4,113,463.078619291845,46.307861929184
4,114,51.223229998033,5.122322999803
4,115,22.336449154694,2.233644915469
4,116,31.531702661928,3.153170266193
4,117,190.392855405634,19.039285540563
4,118,69.147397402734,6.914739740273
4,119,69.660660489693,6.966066048969
4,120,28.562522681973,2.856252268197
4,121,66.470137169130,6.647013716913
4,122,55.043860780076,5.504386078008
4,123,44.768821040412,4.476882104041
4,124,87.002681798425,8.700268179843
4,125,18.529529423611,1.852952942361
4,126,308.691256837501,30.869125683750
4,127,243.246935708175,24.324693570818
4,128,367.522153593482,36.752215359348
4,129,43.500357636594,4.350035763659
4,130,55.029221092198,5.502922109220
4,131,141.021218170007,14.102121817001
4,132,75.700788130637,7.570078813064
4,133,226.576482768012,22.657648276801
4,134,516.211017541178,51.621101754118
4,135,109.552990572686,10.955299057269
4,136,125.980686897434,12.598068689743
4,137,1499.277912349619,149.927791234962
4,138,32.398394034607,3.239839403461
4,139,34.372785372947,3.437278537295
4,140,39.748555237859,3.974855523786
4,141,41.316312857668,4.131631285767
4,142,56.140089348520,5.614008934852
4,143,80.718104145334,8.071810414533
4,144,37.131110146892,3.713111014689
4,145,115.340365094924,11.534036509492
4,146,33.734374804908,3.373437480491
4,147,45.728649233362,4.572864923336
4,148,247.580174068765,24.758017406877
4,149,979.453022304829,97.945302230483
4,150,544.672154922023,54.467215492202
4,151,460.333841691757,46.033384169176
4,152,206.307944151836,20.630794415184
4,153,161.664762223813,16.166476222381
4,154,110.654244705624,11.065424470562
4,155,310.066895866757,31.006689586676
4,156,334.043099315228,33.404309931523
4,157,157.255867267284,15.725586726728
4,158,411.402706109305,41.140270610930
4,159,286.134119850611,28.613411985061
4,160,816.618669196078,81.661866919608
4,161,134.655248222367,13.465524822237
4,162,48.587813051424,4.858781305142
4,163,51.104801478181,5.110480147818
4,164,42.978463688871,4.297846368887
4,165,1253.170993437865,125.317099343787
4,166,402.520020863414,40.252002086341
4,167,1672.520154902960,167.252015490296
4,168,106.510721404741,10.651072140474
4,169,30.016549592220,3.001654959222
4,170,131.898452968051,13.189845296805
4,171,36.923259354440,3.692325935444
4,172,389.406957451989,38.940695745199
4,173,40.408488332107,4.040848833211
4,174,293.017231309983,29.301723130998
4,175,132.853801853516,13.285380185352
4,176,384.982002539355,38.498200253935
4,177,492.239238774490,49.223923877449
4,178,556.406301762131,55.640630176213
4,179,296.984422847913,29.698442284791
4,180,277.768248362246,27.776824836225
4,181,251.814813038981,25.181481303898
4,182,454.609559854218,45.460955985422
4,183,205.652053359465,20.565205335947
4,184,406.330928270673,40.633092827067
4,185,232.211888589960,23.221188858996
4,186,347.727656810919,34.772765681092
4,187,48.058490008360,4.805849000836
4,188,43.891860035938,4.389186003594
4,189,80.120280473167,8.012028047317
4,190,143.766378150002,14.376637815000
4,191,200.092577261960,20.009257726196
4,192,99.947498050652,9.994749805065
4,193,28.509044120657,2.850904412066
5,1,50.240211861611,5.024021186161
5,2,60.721769096378,6.072176909638
5,3,278.493633532952,27.849363353295
5,4,64.592881716206,6.459288171621
5,5,72.939419081678,7.293941908168
5,6,62.059854039662,6.205985403966
5,7,418.749259490221,41.874925949022
5,8,955.865067467697,95.586506746770
5,9,241.995668682427,24.199566868243
5,10,531.654935368856,53.165493536886
5,11,440.359893726603,44.035989372660
5,12,241.630756089585,24.163075608958
5,13,260.435597516303,26.043559751630
5,14,279.297922951052,27.929792295105
5,15,82.621770150231,8.262177015023
5,16,355.937841251489,35.593784125149
5,17,383.810663271467,38.381066327147
5,18,400.714260338502,40.071426033850
5,19,377.245967923503,37.724596792350
5,20,194.816980462067,19.481698046207
5,21,588.043935235285,58.804393523528
5,22,474.859491660132,47.485949166013
5,23,277.883697383772,27.788369738377
5,24,454.623336287453,45.462333628745
5,25,367.641542024820,36.764154202482
5,26,433.922874524415,43.392287452442
5,27,24.716987833096,2.471698783310
5,28,98.375254439471,9.837525443947
5,29,478.419282140513,47.841928214051
5,30,371.722744363557,37.172274436356
5,31,302.317591348533,30.231759134853
5,32,124.646419498157,12.464641949816
5,33,359.440472186725,35.944047218673
5,34,803.851068740748,80.385106874075
5,35,489.712915902652,48.971291590265
5,36,564.939798333059,56.493979833306
5,37,692.605128680060,69.260512868006
5,38,280.512982383265,28.051298238326
5,39,541.188520204019,54.118852020402
5,40,820.349627971330,82.034962797133
5,41,148.227246457570,14.822724645757
5,42,904.632594022497,90.463259402250
5,43,471.503626103819,47.150362610382
5,44,145.472178012472,14.547217801247
5,45,266.352394557385,26.635239455739
5,46,837.906531060019,83.790653106002
5,47,2122.288324174167,212.228832417417
5,48,148.039057983491,14.803905798349
5,49,302.877506136068,30.287750613607
5,50,360.174461312784,36.017446131278
5,51,1442.949509528073,144.294950952807
5,52,332.065051771514,33.206505177151
5,53,689.166795473468,68.916679547347
5,54,296.106452392389,29.610645239239
5,55,861.914351177862,86.191435117786
5,56,119.750544928958,11.975054492896
5,57,1357.133456338928,135.713345633893
5,58,1015.912656763398,101.591265676340
5,59,92.247989139447,9.224798913945
5,60,134.341370542130,13.434137054213
5,61,643.152063780722,64.315206378072
5,62,756.991489769108,75.699148976911
5,63,104.876949910337,10.487694991034
5,64,382.139192712464,38.213919271246
5,65,90.878917990516,9.087891799052
5,66,26.252508442721,2.625250844272
5,67,20.799801483407,2.079980148341
5,68,32.839483575548,3.283948357555
5,69,34.171079261106,3.417107926111
5,70,188.469729325101,18.846972932510
5,71,212.551256595292,21.255125659529
5,72,74.208068967285,7.420806896729
5,73,240.988535883214,24.098853588321
5,74,68.533591625155,6.853359162515
5,75,142.228522537686,14.222852253769
5,76,63.315146869781,6.331514686978
5,77,261.107506076775,26.110750607677
5,78,63.194879293243,6.319487929324
5,79,115.193842230284,11.519384223028
5,80,30.566350670966,3.056635067097
5,81,166.840762935641,16.684076293564
5,82,72.543412128895,7.254341212890
5,83,190.772496506636,19.077249650664
5,84,278.280948110953,27.828094811095
5,85,179.674622019257,17.967462201926
5,86,175.949896238318,17.594989623832
5,87,40.252216754121,4.025221675412
5,88,11.318292941502,1.131829294150
5,89,61.054019091994,6.105401909199
5,90,122.273406101729,12.227340610173
5,91,40.931317575240,4.093131757524
5,92,20.773790375352,2.077379037535
5,93,80.992750152191,8.099275015219
5,94,29.938298677299,2.993829867730
5,95,46.005322269043,4.600532226904
5,96,119.023477677807,11.902347767781
5,97,37.034842773130,3.703484277313
5,98,190.936999190012,19.093699919001
5,99,612.609182591867,61.260918259187
5,100,143.563579160698,14.356357916070
5,101,223.897507422167,22.389750742217
5,102,65.914635360878,6.591463536088
5,103,69.100752750485,6.910075275048
5,104,145.977150417919,14.597715041792
5,105,97.858493215820,9.785849321582
5,106,115.813728574645,11.581372857464
5,107,21.990093581962,2.199009358196
5,108,601.106865116661,60.110686511666
5,109,314.780427121615,31.478042712161
5,110,184.212722179114,18.421272217911
5,111,116.654898607493,11.665489860749
5,112,21.566507283839,2.156650728384
5,113,458.428366632762,45.842836663276
5,114,50.708844423788,5.070884442379
5,115,22.112145704375,2.211214570438
5,116,31.215060135065,3.121506013506
5,117,188.480923294680,18.848092329468
5,118,68.453016675046,6.845301667505
5,119,68.961125555061,6.896112555506
5,120,28.275696770522,2.827569677052
5,121,65.802641587941,6.580264158794
5,122,54.491108289905,5.449110828990
5,123,44.319250880154,4.431925088015
5,124,86.128997643024,8.612899764302
5,125,18.343455202336,1.834345520234
5,126,305.591367794601,30.559136779460
5,127,240.804240963770,24.080424096377
5,128,363.831482504773,36.383148250477
5,129,43.063525432853,4.306352543285
5,130,54.476615614315,5.447661561431
5,131,139.605077870148,13.960507787015
5,132,74.940598010356,7.494059801036
5,133,224.301193329927,22.430119332993
5,134,511.027207369506,51.102720736951
5,135,108.452855380739,10.845285538074
5,136,124.715584170096,12.471558417010
5,137,1484.222107982599,148.422210798260
5,138,32.073048160855,3.207304816085
5,139,34.027612588194,3.402761258819
5,140,39.349398772868,3.934939877287
5,141,40.901412912549,4.090141291255
5,142,55.576328490432,5.557632849043
5,143,79.907529951664,7.990752995166
5,144,36.758238162521,3.675823816252
5,145,114.182112873514,11.418211287351
5,146,33.395612962742,3.339561296274
5,147,45.269440442814,4.526944044281
5,148,245.093964784130,24.509396478413
5,149,969.617318751112,96.961731875111
5,150,539.202536953853,53.920253695385
5,151,455.711152191071,45.571115219107
5,152,204.236192129795,20.423619212979
5,153,160.041318689406,16.004131868941
5,154,109.543050678856,10.954305067886
5,155,306.953192605736,30.695319260574
5,156,330.688626130493,33.068862613049
5,157,155.676698019448,15.567669801945
5,158,407.271384885785,40.727138488579
5,159,283.260750413420,28.326075041342
5,160,808.418154251785,80.841815425178
5,161,133.303035228680,13.330303522868
5,162,48.099892431839,4.809989243184
5,163,50.591605167522,5.059160516752
5,164,42.546872363497,4.254687236350
5,165,1240.586603872588,124.058660387259
5,166,398.477899894373,39.847789989437
5,167,1655.724645514942,165.572464551494
5,168,105.441136792542,10.544113679254
5,169,29.715122288642,2.971512228864
5,170,130.573923814489,13.057392381449
5,171,36.552474615431,3.655247461543
5,172,385.496518351765,38.549651835177
5,173,40.002704794522,4.000270479452
5,174,290.074741412393,29.007474141239
5,175,131.519679051035,13.151967905103
5,176,381.115999000376,38.111599900038
5,177,487.296154093716,48.729615409372
5,178,550.818849056462,55.081884905646
5,179,294.002094265854,29.400209426585
5,180,274.978889316626,27.497888931663
5,181,249.286079352848,24.928607935285
5,182,450.044353803917,45.004435380392
5,183,203.586887817072,20.358688781707
5,184,402.250538028196,40.225053802820
5,185,229.880008197734,22.988000819773
5,186,344.235762792590,34.423576279259
5,187,47.575884870393,4.757588487039
5,188,43.451096350591,4.345109635059
5,189,79.315709646972,7.931570964697
5,190,142.322670851874,14.232267085187
5,191,198.083240184601,19.808324018460
5,192,98.943821570642,9.894382157064
5,193,28.222755242900,2.822275524290
6,1,50.231764370759,5.023176437076
6,2,60.711559215290,6.071155921529
6,3,278.446807050055,27.844680705005
6,4,64.582020938411,6.458202093841
6,5,72.927154900207,7.292715490021
6,6,62.049419170265,6.204941917027
6,7,418.678850142657,41.867885014266
6,8,955.704346381667,95.570434638167
6,9,241.954979041170,24.195497904117
6,10,531.565541832557,53.156554183256
6,11,440.285850723283,44.028585072328
6,12,241.590127805470,24.159012780547
6,13,260.391807348111,26.039180734811
6,14,279.250961233305,27.925096123331
6,15,82.607877958666,8.260787795867
6,16,355.877993142847,35.587799314285
6,17,383.746128570148,38.374612857015
6,18,400.646883432178,40.064688343218
6,19,377.182537023339,37.718253702334
6,20,194.784223540884,19.478422354088
6,21,587.945060338481,58.794506033848
6,22,474.779647824628,47.477964782463
6,23,277.836973456773,27.783697345677
6,24,454.546895000048,45.454689500005
6,25,367.579726032255,36.757972603226
6,26,433.849913854525,43.384991385453
6,27,24.712831868763,2.471283186876
6,28,98.358713425190,9.835871342519
6,29,478.338839754636,47.833883975464
6,30,371.660242149374,37.166024214937
6,31,302.266759057176,30.226675905718
6,32,124.625461197040,12.462546119704
6,33,359.380035138632,35.938003513863
6,34,803.715907595967,80.371590759597
6,35,489.630574582349,48.963057458235
6,36,564.844808212571,56.484480821257
6,37,692.488672652678,69.248867265268
6,38,280.465816362967,28.046581636297
6,39,541.097523671481,54.109752367148
6,40,820.211692725426,82.021169272543
6,41,148.202323228507,14.820232322851
6,42,904.480487268189,90.448048726819
6,43,471.424346530338,47.142434653034
6,44,145.447718026190,14.544771802619
6,45,266.307609526970,26.630760952697
6,46,837.765643760915,83.776564376092
6,47,2121.931478322238,212.193147832224
6,48,148.014166396818,14.801416639682
6,49,302.826579699506,30.282657969951
6,50,360.113900850275,36.011390085028
6,51,1442.706889078649,144.270688907865
6,52,332.009217681986,33.200921768199
6,53,689.050917574386,68.905091757439
6,54,296.056664454500,29.605666445450
6,55,861.769427155319,86.176942715532
6,56,119.730409830094,11.973040983009
6,57,1356.905265174281,135.690526517428
6,58,1015.741839154236,101.574183915424
6,59,92.232478375947,9.223247837595
6,60,134.318782112332,13.431878211233
6,61,643.043922891708,64.304392289171
6,62,756.864207688727,75.686420768873
6,63,104.859315687827,10.485931568783
6,64,382.074939055585,38.207493905559
6,65,90.863637425409,9.086363742541
6,66,26.248094292847,2.624809429285
6,67,20.796304162711,2.079630416271
6,68,32.833961878350,3.283396187835
6,69,34.165333666715,3.416533366672
6,70,188.438039643564,18.843803964356
6,71,212.515517797046,21.251551779705
6,72,74.195591472456,7.419559147246
6,73,240.948015583303,24.094801558330
6,74,68.522068248425,6.852206824842
6,75,142.204607946198,14.220460794620
6,76,63.304500932909,6.330450093291
6,77,261.063602932518,26.106360293252
6,78,63.184253578404,6.318425357840
6,79,115.174473304630,11.517447330463
6,80,30.561211182933,3.056121118293
6,81,166.812709992265,16.681270999226
6,82,72.531214532834,7.253121453283
6,83,190.740419633166,19.074041963317
6,84,278.234157389413,27.823415738941
6,85,179.644411164854,17.964441116485
6,86,175.920311666842,17.592031166684
6,87,40.245448664972,4.024544866497
6,88,11.316389860831,1.131638986083
6,89,61.043753345720,6.104375334572
6,90,122.252846803884,12.225284680388
6,91,40.924435300705,4.092443530070
6,92,20.770297428216,2.077029742822
6,93,80.979131867343,8.097913186734
6,94,29.933264791198,2.993326479120
6,95,45.997586841094,4.599758684109
6,96,119.003464829502,11.900346482950
6,97,37.028615659749,3.702861565975
6,98,190.904894656729,19.090489465673
6,99,612.506177244681,61.250617724468
6,100,143.539440090088,14.353944009009
6,101,223.859860842355,22.385986084235
6,102,65.903552340752,6.590355234075
6,103,69.089134010136,6.908913401014
6,104,145.952605524556,14.595260552456
6,105,97.842039090816,9.784203909082
6,106,115.794255420047,11.579425542005
6,107,21.986396123144,2.198639612314
6,108,601.005793792402,60.100579379240
6,109,314.727499303840,31.472749930384
6,110,184.181748279370,18.418174827937
6,111,116.635284016864,11.663528401686
6,112,21.562881047678,2.156288104768
6,113,458.351285559858,45.835128555986
6,114,50.700318136109,5.070031813611
6,115,22.108427723467,2.210842772347
6,116,31.209811571710,3.120981157171
6,117,188.449231730966,18.844923173097
6,118,68.441506846351,6.844150684635
6,119,68.949530291911,6.894953029191
6,120,28.270942437669,2.827094243767
6,121,65.791577398675,6.579157739867
6,122,54.481946044729,5.448194604473
6,123,44.311798951659,4.431179895166
6,124,86.114515739133,8.611451573913
6,125,18.340370896672,1.834037089667
6,126,305.539985043850,30.553998504385
6,127,240.763751651580,24.076375165158
6,128,363.770307143322,36.377030714332
6,129,43.056284644575,4.305628464458
6,130,54.467455805967,5.446745580597
6,131,139.581604389953,13.958160438995
6,132,74.927997346611,7.492799734661
6,133,224.263478873550,22.426347887355
6,134,510.941282221120,51.094128222112
6,135,108.434619898250,10.843461989825
6,136,124.694614239491,12.469461423949
6,137,1483.972547874983,148.397254787498
6,138,32.067655333658,3.206765533366
6,139,34.021891116580,3.402189111658
6,140,39.342782485360,3.934278248536
6,141,40.894535666244,4.089453566624
6,142,55.566983774136,5.556698377414
6,143,79.894094137936,7.989409413794
6,144,36.752057557999,3.675205755800
6,145,114.162914062080,11.416291406208
6,146,33.389997756824,3.338999775682
6,147,45.261828747523,4.526182874752
6,148,245.052754189100,24.505275418910
6,149,969.454285333732,96.945428533373
6,150,539.111874348555,53.911187434856
6,151,455.634527996099,45.563452799610
6,152,204.201851443308,20.420185144331
6,153,160.014409018340,16.001440901834
6,154,109.524631888724,10.952463188872
6,155,306.901580875007,30.690158087501
6,156,330.633023475957,33.063302347596
6,157,155.650522224530,15.565052222453
6,158,407.202905451276,40.720290545128
6,159,283.213122377848,28.321312237785
6,160,808.282225188008,80.828222518801
6,161,133.280621386682,13.328062138668
6,162,48.091804818626,4.809180481863
6,163,50.583098592689,5.058309859269
6,164,42.539718446311,4.253971844631
6,165,1240.378009131473,124.037800913147
6,166,398.410899014218,39.841089901422
6,167,1655.446248623738,165.544624862374
6,168,105.423407706508,10.542340770651
6,169,29.710125927870,2.971012592787
6,170,130.551968850805,13.055196885080
6,171,36.546328608408,3.654632860841
6,172,385.431700187362,38.543170018736
6,173,39.995978658818,3.999597865882
6,174,290.025967658590,29.002596765859
6,175,131.497565066153,13.149756506615
6,176,381.051917385358,38.105191738536
6,177,487.214219132632,48.721421913263
6,178,550.726233260949,55.072623326095
6,179,293.952660158997,29.395266015900
6,180,274.932653809931,27.493265380993
6,181,249.244163887194,24.924416388719
6,182,449.968682435889,44.996868243589
6,183,203.552656305925,20.355265630593
6,184,402.182902809033,40.218290280903
6,185,229.841355708139,22.984135570814
6,186,344.177882295091,34.417788229509
6,187,47.567885364871,4.756788536487
6,188,43.443790395355,4.344379039536
6,189,79.302373343107,7.930237334311
6,190,142.298740430097,14.229874043010
6,191,198.049934067901,19.804993406790
6,192,98.927184956333,9.892718495633
6,193,28.218009811743,2.821800981174
7,1,51.835260075827,5.183526007583
7,2,62.649590372849,6.264959037285
7,3,287.335371184479,28.733537118448
7,4,66.643604768814,6.664360476881
7,5,75.255131652173,7.525513165217
7,6,64.030157422004,6.403015742200
7,7,432.043894082812,43.204389408281
7,8,986.212289591208,98.621228959121
7,9,249.678652986779,24.967865298678
7,10,548.534148728376,54.853414872838
7,11,454.340632184396,45.434063218440
7,12,249.302154989378,24.930215498938
7,13,268.704020744317,26.870402074432
7,14,288.165195534708,28.816519553471
7,15,85.244882236155,8.524488223615
7,16,367.238311472917,36.723831147292
7,17,395.996052034055,39.599605203406
7,18,413.436311892041,41.343631189204
7,19,389.222937867705,38.922293786770
7,20,201.002115143447,20.100211514345
7,21,606.713411219218,60.671341121922
7,22,489.935538438413,48.993553843841
7,23,286.706070515734,28.670607051573
7,24,469.056916756501,46.905691675650
7,25,379.313586455960,37.931358645596
7,26,447.699247681926,44.769924768193
7,27,25.501713570571,2.550171357057
7,28,101.498515032978,10.149851503298
7,29,493.608346703519,49.360834670352
7,30,383.524360591093,38.352436059109
7,31,311.915702430052,31.191570243005
7,32,128.603748527276,12.860374852728
7,33,370.852145466646,37.085214546665
7,34,829.372083963036,82.937208396304
7,35,505.260535688593,50.526053568859
7,36,582.875754076106,58.287575407611
7,37,714.594259153904,71.459425915390
7,38,289.418831205071,28.941883120507
7,39,558.370409983542,55.837040998354
7,40,846.394446666231,84.639444666623
7,41,152.933229891949,15.293322989195
7,42,933.353265177159,93.335326517716
7,43,486.473129395032,48.647312939503
7,44,150.090692329174,15.009069232917
7,45,274.808666845038,27.480866684504
7,46,864.508753991111,86.450875399111
7,47,2189.667661881811,218.966766188181
7,48,152.739066727907,15.273906672791
7,49,312.493393637090,31.249339363709
7,50,371.609437600423,37.160943760042
7,51,1488.760901500653,148.876090150065
7,52,342.607598233916,34.260759823392
7,53,711.046764241223,71.104676424122
7,54,305.507369518445,30.550736951845
7,55,889.278784879714,88.927878487971
7,56,123.552437591484,12.355243759148
7,57,1400.220322730932,140.022032273093
7,58,1048.166296008277,104.816629600828
7,59,95.176718635000,9.517671863500
7,60,138.606499116207,13.860649911621
7,61,663.571136726294,66.357113672629
7,62,781.024786588386,78.102478658839
7,63,108.206629174584,10.820662917458
7,64,394.271514896877,39.427151489688
7,65,93.764181616593,9.376418161659
7,66,27.085984559932,2.708598455993
7,67,21.460162675823,2.146016267582
7,68,33.882085859497,3.388208585950
7,69,35.255957627133,3.525595762713
7,70,194.453348701986,19.445334870199
7,71,219.299426829839,21.929942682984
7,72,76.564059189078,7.656405918908
7,73,248.639545295078,24.863954529508
7,74,70.709426059067,7.070942605907
7,75,146.744055862054,14.674405586205
7,76,65.325303837783,6.532530383778
7,77,269.397261351565,26.939726135156
7,78,65.201217953637,6.520121795364
7,79,118.851066703069,11.885106670307
7,80,31.536784537510,3.153678453751
7,81,172.137696430111,17.213769643011
7,82,74.846552097495,7.484655209749
7,83,196.829225142908,19.682922514291
7,84,287.115933332703,28.711593333270
7,85,185.379010483648,18.537901048365
7,86,181.536030479942,18.153603047994
7,87,41.530161732315,4.153016173231
7,88,11.677631054845,1.167763105485
7,89,62.992388786607,6.299238878661
7,90,126.155395663915,12.615539566391
7,91,42.230822943246,4.223082294325
7,92,21.433325755736,2.143332575574
7,93,83.564143398912,8.356414339891
7,94,30.888792874526,3.088879287453
7,95,47.465919356727,4.746591935673
7,96,122.802287091327,12.280228709133
7,97,38.210641155346,3.821064115535
7,98,196.998950529407,19.699895052941
7,99,632.058566790277,63.205856679028
7,100,148.121498446501,14.812149844650
7,101,231.005903389227,23.100590338923
7,102,68.007322026147,6.800732202615
7,103,71.294593663801,7.129459366380
7,104,150.611696819354,15.061169681935
7,105,100.965347448039,10.096534744804
7,106,119.490633470142,11.949063347014
7,107,22.688244688390,2.268824468839
7,108,620.191068710364,62.019106871036
7,109,324.774213762757,32.477421376276
7,110,190.061188231709,19.006118823171
7,111,120.358509337003,12.035850933700
7,112,22.251210187257,2.225121018726
7,113,472.982750869001,47.298275086900
7,114,52.318770989503,5.231877098950
7,115,22.814171774954,2.281417177495
7,116,32.206089513329,3.220608951333
7,117,194.464898062606,19.446489806261
7,118,70.626292980210,7.062629298021
7,119,71.150533523124,7.115053352312
7,120,29.173405955424,2.917340595542
7,121,67.891772625937,6.789177262594
7,122,56.221115822674,5.622111582267
7,123,45.726317836132,4.572631783613
7,124,88.863458720959,8.886345872096
7,125,18.925831238959,1.892583123896
7,126,315.293416162221,31.529341616222
7,127,248.449399299947,24.844939929995
7,128,375.382563500283,37.538256350028
7,129,44.430725068252,4.443072506825
7,130,56.206163027282,5.620616302728
7,131,144.037320926084,14.403732092608
7,132,77.319844884513,7.731984488451
7,133,231.422405693702,23.142240569370
7,134,527.251522600823,52.725152260082
7,135,111.896064055461,11.189606405546
7,136,128.675109069463,12.867510906946
7,137,1531.343840457770,153.134384045777
7,138,33.091317318126,3.309131731813
7,139,35.107936111557,3.510793611156
7,140,40.598680691026,4.059868069103
7,141,42.199968854248,4.219996885425
7,142,57.340790068651,5.734079006865
7,143,82.444469152935,8.244446915294
7,144,37.925254780611,3.792525478061
7,145,117.807216520291,11.780721652029
7,146,34.455871485649,3.445587148565
7,147,46.706674432507,4.670667443251
7,148,252.875315147881,25.287531514788
7,149,1000.401153361677,100.040115336168
7,150,556.321374868758,55.632137486876
7,151,470.179269115085,47.017926911508
7,152,210.720372061846,21.072037206185
7,153,165.122380454822,16.512238045482
7,154,113.020871350601,11.302087135060
7,155,316.698476782932,31.669847678293
7,156,341.187473229788,34.118747322979
7,157,160.619189899361,16.061918989936
7,158,420.201614896619,42.020161489662
7,159,292.253836576137,29.225383657614
7,160,834.084167301881,83.408416730188
7,161,137.535198279203,13.753519827920
7,162,49.626988848924,4.962698884892
7,163,52.197809570065,5.219780957006
7,164,43.897669071338,4.389766907134
7,165,1279.973289831216,127.997328983122
7,166,411.128950498661,41.112895049866
7,167,1708.291315542886,170.829131554289
7,168,108.788728108622,10.878872810862
7,169,30.658530984296,3.065853098430
7,170,134.719441842503,13.471944184250
7,171,37.712958562456,3.771295856246
7,172,397.735430378600,39.773543037860
7,173,41.272728157921,4.127272815792
7,174,299.284161140831,29.928416114083
7,175,135.695223329840,13.569522332984
7,176,393.215836383417,39.321583638342
7,177,502.767045468992,50.276704546899
7,178,568.306486727349,56.830648672735
7,179,303.336201309958,30.333620130996
7,180,283.709039331915,28.370903933192
7,181,257.200522802970,25.720052280297
7,182,464.332558734872,46.433255873487
7,183,210.050453351888,21.005045335189
7,184,415.021363997579,41.502136399758
7,185,237.178339215325,23.717833921532
7,186,355.164710310254,35.516471031025
7,187,49.086344866289,4.908634486629
7,188,44.830600756956,4.483060075696
7,189,81.833859478430,8.183385947843
7,190,146.841193238088,14.684119323809
7,191,204.372073507857,20.437207350786
7,192,102.085133282041,10.208513328204
7,193,29.118783617034,2.911878361703
8,1,54.116851630911,5.411685163091
8,2,65.407187732543,6.540718773254
8,3,299.982784459000,29.998278445900
8,4,69.577003494285,6.957700349428
8,5,78.567577130465,7.856757713047
8,6,66.848522107182,6.684852210718
8,7,451.060827705267,45.106082770527
8,8,1029.621614212309,102.962161421231
8,9,260.668560345321,26.066856034532
8,10,572.678541552541,57.267854155254
8,11,474.338983654163,47.433898365416
8,12,260.275490334002,26.027549033400
8,13,280.531352634817,28.053135263482
8,14,300.849134529886,30.084913452989
8,15,88.997038647439,8.899703864744
8,16,383.402749134347,38.340274913435
8,17,413.426296366689,41.342629636669
8,18,431.634210318669,43.163421031867
8,19,406.355055402847,40.635505540285
8,20,209.849465919624,20.984946591962
8,21,633.418634524139,63.341863452414
8,22,511.500642682148,51.150064268215
8,23,299.325784361540,29.932578436154
8,24,489.703023259287,48.970302325929
8,25,396.009531924746,39.600953192475
8,26,467.405270594400,46.740527059440
8,27,26.624202282650,2.662420228265
8,28,105.966094715495,10.596609471549
8,29,515.335114037375,51.533511403738
8,30,400.405648367277,40.040564836728
8,31,325.645048661194,32.564504866119
8,32,134.264397787310,13.426439778731
8,33,387.175650394440,38.717565039444
8,34,865.877897573769,86.587789757377
8,35,527.500188188795,52.750018818880
8,36,608.531734121687,60.853173412169
8,37,746.047988229665,74.604798822966
8,38,302.157950487846,30.215795048785
8,39,582.947757722577,58.294775772258
8,40,883.649520123145,88.364952012314
8,41,159.664770648235,15.966477064823
8,42,974.435936019797,97.443593601980
8,43,507.885831524414,50.788583152441
8,44,156.697115362722,15.669711536272
8,45,286.904702104052,28.690470210405
8,46,902.561150555080,90.256115055508
8,47,2286.048527695556,228.604852769556
8,48,159.462061158106,15.946206115811
8,49,326.248167644180,32.624816764418
8,50,387.966275655795,38.796627565580
8,51,1554.290510022601,155.429051002260
8,52,357.687885314456,35.768788531446
8,53,742.344346045365,74.234434604537
8,54,318.954645239439,31.895464523944
8,55,928.421464259124,92.842146425912
8,56,128.990747302023,12.899074730202
8,57,1461.852710779641,146.185271077964
8,58,1094.302601021451,109.430260102145
8,59,99.366036816495,9.936603681649
8,60,144.707431520146,14.470743152015
8,61,692.779021466085,69.277902146609
8,62,815.402535533489,81.540253553349
8,63,112.969474600026,11.296947460003
8,64,411.625851645313,41.162585164531
8,65,97.891325275809,9.789132527581
8,66,28.278206872363,2.827820687236
8,67,22.404757645739,2.240475764574
8,68,35.373446775841,3.537344677584
8,69,36.807791168062,3.680779116806
8,70,203.012447616646,20.301244761665
8,71,228.952155870991,22.895215587099
8,72,79.934118693229,7.993411869323
8,73,259.583715074012,25.958371507401
8,74,73.821786817462,7.382178681746
8,75,153.203172650970,15.320317265097
8,76,68.200675956135,6.820067595614
8,77,281.255107064371,28.125510706437
8,78,68.071128281984,6.807112828198
8,79,124.082439897796,12.408243989780
8,80,32.924914184589,3.292491418459
8,81,179.714544967418,17.971454496742
8,82,78.141013453393,7.814101345339
8,83,205.492901127609,20.549290112761
8,84,299.753687785242,29.975368778524
8,85,193.538691445805,19.353869144581
8,86,189.526558037448,18.952655803745
8,87,43.358161942039,4.335816194204
8,88,12.191636084609,1.219163608461
8,89,65.765074832356,6.576507483236
8,90,131.708277716671,13.170827771667
8,91,44.089663602107,4.408966360211
8,92,22.376739466212,2.237673946621
8,93,87.242320061049,8.724232006105
8,94,32.248400386211,3.224840038621
8,95,49.555189104774,4.955518910477
8,96,128.207578021914,12.820757802191
8,97,39.892528659080,3.989252865908
8,98,205.670097181911,20.567009718191
8,99,659.879387717909,65.987938771791
8,100,154.641245033813,15.464124503381
8,101,241.173907129852,24.117390712985
8,102,71.000746413171,7.100074641317
8,103,74.432711280815,7.443271128082
8,104,157.241052494567,15.724105249457
8,105,105.409459115589,10.540945911559
8,106,124.750157968297,12.475015796830
8,107,23.686895170802,2.368689517080
8,108,647.489527381889,64.748952738189
8,109,339.069542894819,33.906954289482
8,110,198.426960900434,19.842696090043
8,111,125.656234439260,12.565623443926
8,112,23.230624068452,2.323062406845
8,113,493.801657700069,49.380165770007
8,114,54.621644861214,5.462164486121
8,115,23.818365090119,2.381836509012
8,116,33.623679426998,3.362367942700
8,117,203.024505336318,20.302450533632
8,118,73.734994535769,7.373499453577
8,119,74.282310159116,7.428231015912
8,120,30.457508640807,3.045750864081
8,121,70.880110966603,7.088011096660
8,122,58.695756113679,5.869575611368
8,123,47.739016922957,4.773901692296
8,124,92.774891145078,9.277489114508
8,125,19.758874550878,1.975887455088
8,126,329.171436541337,32.917143654134
8,127,259.385199573334,25.938519957333
8,128,391.905480247589,39.190548024759
8,129,46.386397075176,4.638639707518
8,130,58.680145152945,5.868014515295
8,131,150.377297508840,15.037729750884
8,132,80.723171208541,8.072317120854
8,133,241.608742286119,24.160874228612
8,134,550.459134940593,55.045913494059
8,135,116.821304411592,11.682130441159
8,136,134.338899349918,13.433889934992
8,137,1598.747788450052,159.874778845005
8,138,34.547871602395,3.454787160239
8,139,36.653254306766,3.665325430677
8,140,42.385680638103,4.238568063810
8,141,44.057451433129,4.405745143313
8,142,59.864714173421,5.986471417342
8,143,86.073362001307,8.607336200131
8,144,39.594580658503,3.959458065850
8,145,122.992643388940,12.299264338894
8,146,35.972488269083,3.597248826908
8,147,48.762525098547,4.876252509855
8,148,264.005927450905,26.400592745090
8,149,1044.435017952436,104.443501795244
8,150,580.808531853331,58.080853185333
8,151,490.874777311996,49.087477731200
8,152,219.995483649538,21.999548364954
8,153,172.390441389597,17.239044138960
8,154,117.995621457854,11.799562145785
8,155,330.638342601657,33.063834260166
8,156,356.205251793695,35.620525179370
8,157,167.689037464949,16.768903746495
8,158,438.697296303023,43.869729630302
8,159,305.117742043138,30.511774204314
8,160,870.797388949866,87.079738894987
8,161,143.588976083376,14.358897608338
8,162,51.811380679818,5.181138067982
8,163,54.495359178858,5.449535917886
8,164,45.829877974978,4.582987797498
8,165,1336.312859547645,133.631285954764
8,166,429.225287627786,42.922528762779
8,167,1783.483820287020,178.348382028702
8,168,113.577195321438,11.357719532144
8,169,32.008003240877,3.200800324088
8,170,140.649280727535,14.064928072754
8,171,39.372939965992,3.937293996599
8,172,415.242235549092,41.524223554909
8,173,43.089397118058,4.308939711806
8,174,312.457514831547,31.245751483155
8,175,141.668012415139,14.166801241514
8,176,410.523706167519,41.052370616752
8,177,524.896943986686,52.489694398669
8,178,593.321182880497,59.332118288050
8,179,316.687910440914,31.668791044091
8,180,296.196835231726,29.619683523173
8,181,268.521514342935,26.852151434293
8,182,484.770716915423,48.477071691542
8,183,219.296077658741,21.929607765874
8,184,433.289030406331,43.328903040633
8,185,247.618030171072,24.761803017107
8,186,370.797713839553,37.079771383955
8,187,51.246939599546,5.124693959955
8,188,46.803873775105,4.680387377511
8,189,85.435875604765,8.543587560476
8,190,153.304585645887,15.330458564589
8,191,213.367757070133,21.336775707013
8,192,106.578533675038,10.657853367504
8,193,30.400482034245,3.040048203424
9,1,57.412516220985,5.741251622098
9,2,69.390423010468,6.939042301047
9,3,318.251449589708,31.825144958971
9,4,73.814176570491,7.381417657049
9,5,83.352267556338,8.335226755634
9,6,70.919533272243,7.091953327224
9,7,478.530001410646,47.853000141065
9,8,1092.324587368938,109.232458736894
9,9,276.543026767254,27.654302676725
9,10,607.554117902808,60.755411790281
9,11,503.225774829350,50.322577482935
9,12,276.126019167575,27.612601916757
9,13,297.615444140909,29.761544414091
9,14,319.170559552664,31.917055955266
9,15,94.416873320975,9.441687332097
9,16,406.751610459039,40.675161045904
9,17,438.603563049418,43.860356304942
9,18,457.920321574986,45.792032157499
9,19,431.101690262953,43.110169026295
9,20,222.629098016370,22.262909801637
9,21,671.993224537831,67.199322453783
9,22,542.650543407799,54.265054340780
9,23,317.554438813658,31.755443881366
9,24,519.525469775853,51.952546977585
9,25,420.126134283606,42.012613428361
9,26,495.869805265002,49.586980526500
9,27,28.245590779163,2.824559077916
9,28,112.419328700430,11.241932870043
9,29,546.718530407159,54.671853040716
9,30,424.789970019794,42.478997001979
9,31,345.476521177836,34.547652117784
9,32,142.440971408280,14.244097140828
9,33,410.754277803263,41.075427780326
9,34,918.609034740137,91.860903474014
9,35,559.624445958406,55.962444595841
9,36,645.590735664482,64.559073566448
9,37,791.481598338277,79.148159833828
9,38,320.559081152722,32.055908115272
9,39,618.448719531891,61.844871953189
9,40,937.462932133282,93.746293213328
9,41,169.388202722526,16.938820272253
9,42,1033.778154069335,103.377815406934
9,43,538.815593702212,53.881559370221
9,44,166.239820063833,16.623982006383
9,45,304.376924507137,30.437692450714
9,46,957.526262800482,95.752626280048
9,47,2425.266700166136,242.526670016614
9,48,169.173148418009,16.917314841801
9,49,346.116369530989,34.611636953099
9,50,411.593051388095,41.159305138810
9,51,1648.945317946489,164.894531794649
9,52,379.470735986721,37.947073598672
9,53,787.552407881429,78.755240788143
9,54,338.378678576123,33.837867857612
9,55,984.961444916013,98.496144491601
9,56,136.846160644059,13.684616064406
9,57,1550.878144995186,155.087814499519
9,58,1160.944584513193,116.094458451319
9,59,105.417333577540,10.541733357754
9,60,153.519975923765,15.351997592377
9,61,734.968602363429,73.496860236343
9,62,865.059771348724,86.505977134872
9,63,119.849207732652,11.984920773265
9,64,436.693472963691,43.669347296369
9,65,103.852813512176,10.385281351218
9,66,30.000322669041,3.000032266904
9,67,23.769185992861,2.376918599286
9,68,37.527655907649,3.752765590765
9,69,39.049350503752,3.904935050375
9,70,215.375711827166,21.537571182717
9,71,242.895123545299,24.289512354530
9,72,84.802030195412,8.480203019541
9,73,275.392115454802,27.539211545480
9,74,78.317463144858,7.831746314486
9,75,162.533099577177,16.253309957718
9,76,72.354031999474,7.235403199947
9,77,298.383274524136,29.838327452414
9,78,72.216594995668,7.221659499567
9,79,131.638942005682,13.163894200568
9,80,34.930010019606,3.493001001961
9,81,190.658989152935,19.065898915293
9,82,82.899726558642,8.289972655864
9,83,218.007222588449,21.800722258845
9,84,318.008401147274,31.800840114727
9,85,205.325012951672,20.532501295167
9,86,201.068544449789,20.106854444979
9,87,45.998632603149,4.599863260315
9,88,12.934095080804,1.293409508080
9,89,69.770105092926,6.977010509293
9,90,139.729186066086,13.972918606609
9,91,46.774682015830,4.677468201583
9,92,23.739461532955,2.373946153296
9,93,92.555294048192,9.255529404819
9,94,34.212297176886,3.421229717689
9,95,52.573052802775,5.257305280277
9,96,136.015297102612,13.601529710261
9,97,42.321945562468,4.232194556247
9,98,218.195209713260,21.819520971326
9,99,700.065412334674,70.006541233467
9,100,164.058749194972,16.405874919497
9,101,255.861167785711,25.586116778571
9,102,75.324624073657,7.532462407366
9,103,78.965592324679,7.896559232468
9,104,166.816882447622,16.681688244762
9,105,111.828794524002,11.182879452400
9,106,132.347323469097,13.234732346910
9,107,25.129404468934,2.512940446893
9,108,686.921021334826,68.692102133483
9,109,359.718554291718,35.971855429172
9,110,210.510973348453,21.051097334845
9,111,133.308579131961,13.330857913196
9,112,24.645346892128,2.464534689213
9,113,523.873707140439,52.387370714044
9,114,57.948050877004,5.794805087700
9,115,25.268880780801,2.526888078080
9,116,35.671329398051,3.567132939805
9,117,215.388503850452,21.538850385045
9,118,78.225385296085,7.822538529608
9,119,78.806031918282,7.880603191828
9,120,32.312341834245,3.231234183425
9,121,75.196642043583,7.519664204358
9,122,62.270271614522,6.227027161452
9,123,50.646277469284,5.064627746928
9,124,98.424793428384,9.842479342838
9,125,20.962171143983,2.096217114398
9,126,349.217662712658,34.921766271266
9,127,275.181510549688,27.518151054969
9,128,415.772149778123,41.577214977812
9,129,49.211284364341,4.921128436434
9,130,62.253709961185,6.225370996119
9,131,159.535131337218,15.953513133722
9,132,85.639135255468,8.563913525547
9,133,256.322483987786,25.632248398779
9,134,583.981570644710,58.398157064471
9,135,123.935610301767,12.393561030177
9,136,142.520010044912,14.252001004491
9,137,1696.110002179506,169.611000217951
9,138,36.651803994452,3.665180399445
9,139,38.885402495164,3.888540249516
9,140,44.966928116391,4.496692811639
9,141,46.740508156520,4.674050815652
9,142,63.510418103906,6.351041810391
9,143,91.315147558808,9.131514755881
9,144,42.005852813155,4.200585281316
9,145,130.482777930045,13.048277793004
9,146,38.163178455827,3.816317845583
9,147,51.732116315455,5.173211631545
9,148,280.083636342835,28.008363634284
9,149,1108.040113252049,110.804011325205
9,150,616.179216849879,61.617921684988
9,151,520.768582531506,52.076858253151
9,152,233.392998537966,23.339299853797
9,153,182.888854660749,18.288885466075
9,154,125.181442134834,12.518144213483
9,155,350.773901951355,35.077390195135
9,156,377.897811500261,37.789781150026
9,157,177.901139726292,17.790113972629
9,158,465.413542751499,46.541354275150
9,159,323.699121187533,32.369912118753
9,160,923.828118443592,92.382811844359
9,161,152.333407618869,15.233340761887
9,162,54.966644290382,5.496664429038
9,163,57.814074517179,5.781407451718
9,164,48.620873782341,4.862087378234
9,165,1417.693036696681,141.769303669668
9,166,455.364697792423,45.536469779242
9,167,1892.096281957507,189.209628195751
9,168,120.493938065707,12.049393806571
9,169,33.957260074948,3.395726007495
9,170,149.214687622868,14.921468762287
9,171,41.770714414107,4.177071441411
9,172,440.530091194053,44.053009119405
9,173,45.713500258021,4.571350025802
9,174,331.485879130269,33.148587913027
9,175,150.295459097496,15.029545909750
9,176,435.524207878698,43.552420787870
9,177,556.862666670133,55.686266667013
9,178,629.453876376716,62.945387637672
9,179,335.973901792792,33.597390179279
9,180,314.234939669561,31.423493966956
9,181,284.874218164817,28.487421816482
9,182,514.292790685331,51.429279068533
9,183,232.650999390167,23.265099939017
9,184,459.675918625859,45.967591862586
9,185,262.697731766878,26.269773176688
9,186,393.378940550890,39.337894055089
9,187,54.367829287286,5.436782928729
9,188,49.654184996662,4.965418499666
9,189,90.638838849429,9.063883884943
9,190,162.640688526649,16.264068852665
9,191,226.361649738455,22.636164973845
9,192,113.069064607814,11.306906460781
9,193,32.251842361796,3.225184236180
10,1,60.908039953991,6.090803995399
10,2,73.615213812926,7.361521381293
10,3,337.627982240227,33.762798224023
10,4,78.308304733091,7.830830473309
10,5,88.427116189022,8.842711618902
10,6,75.237422959096,7.523742295910
10,7,507.664989510590,50.766498951059
10,8,1158.830059879450,115.883005987945
10,9,293.380169203957,29.338016920396
10,10,644.544655472010,64.454465547201
10,11,533.864349042082,53.386434904208
10,12,292.937772367618,29.293777236762
10,13,315.735567012713,31.573556701271
10,14,338.603051615872,33.860305161587
10,15,100.165383283843,10.016538328384
10,16,431.516417880565,43.151641788057
10,17,465.307655901210,46.530765590121
10,18,485.800502714060,48.580050271406
10,19,457.349036466225,45.734903646622
10,20,236.183725944165,23.618372594416
10,21,712.907095230239,71.290709523024
10,22,575.689469030034,57.568946903003
10,23,336.888534416122,33.688853441612
10,24,551.156440320892,55.115644032089
10,25,445.705240894990,44.570524089499
10,26,526.060516052057,52.606051605206
10,27,29.965305214624,2.996530521462
10,28,119.263906457802,11.926390645780
10,29,580.005132773732,58.000513277373
10,30,450.653031238566,45.065303123857
10,31,366.510634616188,36.651063461619
10,32,151.113397368389,15.111339736839
10,33,435.762785024380,43.576278502438
10,34,974.537948740847,97.453794874085
10,35,593.696816604702,59.369681660470
10,36,684.897107982982,68.489710798298
10,37,839.670441004219,83.967044100422
10,38,340.076112451036,34.007611245104
10,39,656.102567839983,65.610256783998
10,40,994.539753422078,99.453975342208
10,41,179.701293345985,17.970129334598
10,42,1096.719065042535,109.671906504254
10,43,571.621030904272,57.162103090427
10,44,176.361223455510,17.636122345551
10,45,322.908715716197,32.290871571620
10,46,1015.824626936143,101.582462693614
10,47,2572.927486825771,257.292748682577
10,48,179.473145599918,17.947314559992
10,49,367.189439720434,36.718943972043
10,50,436.652626793737,43.665262679374
10,51,1749.340281844695,174.934028184470
10,52,402.574565098081,40.257456509808
10,53,835.502024340310,83.550202434031
10,54,358.980644481141,35.898064448114
10,55,1044.930182282401,104.493018228240
10,56,145.177950187316,14.517795018732
10,57,1645.302352810161,164.530235281016
10,58,1231.627940948062,123.162794094806
10,59,111.835599413027,11.183559941303
10,60,162.866939872645,16.286693987265
10,61,779.716688001879,77.971668800188
10,62,917.728373253911,91.772837325391
10,63,127.146148845613,12.714614884561
10,64,463.281271222138,46.328127122214
10,65,110.175824560393,11.017582456039
10,66,31.826872815072,3.182687281507
10,67,25.216357432491,2.521635743249
10,68,39.812502845281,3.981250284528
10,69,41.426844827793,4.142684482779
10,70,228.488722051402,22.848872205140
10,71,257.683635264868,25.768363526487
10,72,89.965146684057,8.996514668406
10,73,292.159185404318,29.215918540432
10,74,83.085770983482,8.308577098348
10,75,172.428821701325,17.242882170133
10,76,76.759260208936,7.675926020894
10,77,316.550146249746,31.655014624975
10,78,76.613455442484,7.661345544248
10,79,139.653693426740,13.965369342674
10,80,37.056700975768,3.705670097577
10,81,202.267137782578,20.226713778258
10,82,87.947022526825,8.794702252683
10,83,231.280450634951,23.128045063495
10,84,337.370135951353,33.737013595135
10,85,217.826092907648,21.782609290765
10,86,213.310472087656,21.331047208766
10,87,48.799229450903,4.879922945090
10,88,13.721579052868,1.372157905287
10,89,74.018012592188,7.401801259219
10,90,148.236506738248,14.823650673825
10,91,49.622528127657,4.962252812766
10,92,25.184823218164,2.518482321816
10,93,98.190462967031,9.819046296703
10,94,36.295290653119,3.629529065312
10,95,55.773928951128,5.577392895113
10,96,144.296500059194,14.429650005919
10,97,44.898689709531,4.489868970953
10,98,231.479883233668,23.147988323367
10,99,742.688439934673,74.268843993467
10,100,174.047359504455,17.404735950445
10,101,271.439108681161,27.143910868116
10,102,79.910714850723,7.991071485072
10,103,83.773361087145,8.377336108714
10,104,176.973419907455,17.697341990746
10,105,118.637417991879,11.863741799188
10,106,140.405204235119,14.040520423512
10,107,26.659391926362,2.665939192636
10,108,728.743761232418,72.874376123242
10,109,381.619784659143,38.161978465914
10,110,223.327797132406,22.332779713241
10,111,141.424985324218,14.142498532422
10,112,26.145862818621,2.614586281862
10,113,555.769417291145,55.576941729114
10,114,61.476180289454,6.147618028945
10,115,26.807360162819,2.680736016282
10,116,37.843155102726,3.784315510273
10,117,228.502292908711,22.850229290871
10,118,82.988087034735,8.298808703474
10,119,83.604085949115,8.360408594911
10,120,34.279657764379,3.427965776438
10,121,79.774940717934,7.977494071793
10,122,66.061556627209,6.606155662721
10,123,53.729843153826,5.372984315383
10,124,104.417323001916,10.441732300192
10,125,22.238439309048,2.223843930905
10,126,370.479553121683,37.047955312168
10,127,291.935757956446,29.193575795645
10,128,441.086166872903,44.108616687290
10,129,52.207481426409,5.220748142641
10,130,66.043986628374,6.604398662837
10,131,169.248324113703,16.924832411370
10,132,90.853218341591,9.085321834159
10,133,271.928511820352,27.192851182035
10,134,619.536908995836,61.953690899584
10,135,131.481349379060,13.148134937906
10,136,151.197248221038,15.119724822104
10,137,1799.376557221038,179.937655722104
10,138,38.883325257637,3.888332525764
10,139,41.252914951266,4.125291495127
10,140,47.704710307058,4.770471030706
10,141,49.586273615135,4.958627361514
10,142,67.377208629526,6.737720862953
10,143,96.874810964713,9.687481096471
10,144,44.563351858631,4.456335185863
10,145,138.427137052843,13.842713705284
10,146,40.486718770726,4.048671877073
10,147,54.881792592371,5.488179259237
10,148,297.136346492214,29.713634649221
10,149,1175.502415341143,117.550241534114
10,150,653.694887962313,65.369488796231
10,151,552.475239188672,55.247523918867
10,152,247.602979552675,24.760297955268
10,153,194.023923702284,19.402392370228
10,154,132.803032873514,13.280303287351
10,155,372.130542974900,37.213054297490
10,156,400.905874126635,40.090587412664
10,157,188.732534985969,18.873253498597
10,158,493.749943791445,49.374994379145
10,159,343.407331782396,34.340733178240
10,160,980.074792963275,98.007479296328
10,161,161.608128127753,16.160812812775
10,162,58.313252700667,5.831325270067
10,163,61.334046866043,6.133404686604
10,164,51.581124079881,5.158112407988
10,165,1504.008355760839,150.400835576084
10,166,483.089281438606,48.308928143861
10,167,2007.295334255746,200.729533425575
10,168,127.830133165932,12.783013316593
10,169,36.024725782999,3.602472578300
10,170,158.299526891908,15.829952689191
10,171,44.313897210992,4.431389721099
10,172,467.351479459723,46.735147945972
10,173,48.496737008273,4.849673700827
10,174,351.668181421222,35.166818142122
10,175,159.446100435287,15.944610043529
10,176,462.040816192447,46.204081619245
10,177,590.766888179570,59.076688817957
10,178,667.777766506150,66.777776650615
10,179,356.429454426419,35.642945442642
10,180,333.366929724251,33.336692972425
10,181,302.218599774635,30.221859977464
10,182,545.605172965091,54.560517296509
10,183,246.815804269049,24.681580426905
10,184,487.662988150268,48.766298815027
10,185,278.691912416677,27.869191241668
10,186,417.329561657055,41.732956165705
10,187,57.677979235326,5.767797923533
10,188,52.677347775852,5.267734777585
10,189,96.157325639152,9.615732563915
10,190,172.542961134056,17.254296113406
10,191,240.143531651756,24.014353165176
10,192,119.953201113591,11.995320111359
10,193,34.215474820873,3.421547482087
11,1,63.401987120142,6.340198712014
11,2,76.629470288969,7.662947028897
11,3,351.452533976871,35.145253397687
11,4,81.514725015582,8.151472501558
11,5,92.047862415582,9.204786241558
11,6,78.318102585614,7.831810258561
11,7,528.451894866611,52.845189486661
11,8,1206.279640362928,120.627964036293
11,9,305.392945220785,30.539294522078
11,10,670.936250377820,67.093625037782
11,11,555.724016196183,55.572401619618
11,12,304.932433955922,30.493243395592
11,13,328.663709556775,32.866370955678
11,14,352.467528648225,35.246752864823
11,15,104.266765859542,10.426676585954
11,16,449.185335618422,44.918533561842
11,17,484.360193311708,48.436019331171
11,18,505.692142438044,50.569214243804
11,19,476.075699387881,47.607569938788
11,20,245.854530232967,24.585453023297
11,21,742.097865959718,74.209786595972
11,22,599.261712053375,59.926171205338
11,23,350.682808642492,35.068280864249
11,24,573.724151307534,57.372415130753
11,25,463.955135708691,46.395513570869
11,26,547.600646619768,54.760064661977
11,27,31.192267830386,3.119226783039
11,28,124.147299221045,12.414729922104
11,29,603.754085429690,60.375408542969
11,30,469.105518808746,46.910551880875
11,31,381.517818548818,38.151781854882
11,32,157.300902817902,15.730090281790
11,33,453.605574968809,45.360557496881
11,34,1014.441484586122,101.444148458612
11,35,618.006390421936,61.800639042194
11,36,712.940978756856,71.294097875686
11,37,874.051677347166,87.405167734717
11,38,354.000905591052,35.400090559105
11,39,682.967414270855,68.296741427086
11,40,1035.262285316812,103.526228531681
11,41,187.059361864239,18.705936186424
11,42,1141.625442039619,114.162544203962
11,43,595.026687221785,59.502668722178
11,44,183.582529112172,18.358252911217
11,45,336.130570779903,33.613057077990
11,46,1057.418691555005,105.741869155500
11,47,2678.278852906999,267.827885290700
11,48,186.821872355981,18.682187235598
11,49,382.224418079996,38.222441808000
11,50,454.531852295125,45.453185229512
11,51,1820.968957497978,182.096895749798
11,52,419.058426613728,41.905842661373
11,53,869.712580245434,86.971258024543
11,54,373.679504626424,37.367950462642
11,55,1087.716006106285,108.771600610629
11,56,151.122422177071,15.112242217707
11,57,1712.671080212211,171.267108021221
11,58,1282.058311312975,128.205831131298
11,59,116.414831915693,11.641483191569
11,60,169.535707139857,16.953570713986
11,61,811.643051515011,81.164305151501
11,62,955.305778100668,95.530577810067
11,63,132.352288754895,13.235228875489
11,64,482.250836067245,48.225083606724
11,65,114.687095743120,11.468709574312
11,66,33.130059378366,3.313005937837
11,67,26.248869120717,2.624886912072
11,68,41.442669876159,4.144266987616
11,69,43.123112879416,4.312311287942
11,70,237.844445881756,23.784444588176
11,71,268.234777157103,26.823477715710
11,72,93.648869272973,9.364886927297
11,73,304.121966886938,30.412196688694
11,74,86.487809913783,8.648780991378
11,75,179.489110812085,17.948911081209
11,76,79.902253147447,7.990225314745
11,77,329.511642643011,32.951164264301
11,78,79.750478243319,7.975047824332
11,79,145.371968603996,14.537196860400
11,80,38.574028646388,3.857402864639
11,81,210.549189798363,21.054918979836
11,82,91.548110786568,9.154811078657
11,83,240.750484884666,24.075048488467
11,84,351.184129886073,35.118412988607
11,85,226.745223576297,22.674522357630
11,86,222.044705659699,22.204470565970
11,87,50.797367957599,5.079736795760
11,88,14.283424307122,1.428342430712
11,89,77.048762110444,7.704876211044
11,90,154.306214714064,15.430621471406
11,91,51.654377510673,5.165437751067
11,92,26.216043703053,2.621604370305
11,93,102.210980242660,10.221098024266
11,94,37.781441534634,3.778144153463
11,95,58.057654255010,5.805765425501
11,96,150.204880097036,15.020488009704
11,97,46.737116295735,4.673711629574
11,98,240.958083472057,24.095808347206
11,99,773.098640813044,77.309864081304
11,100,181.173921438482,18.117392143848
11,101,282.553483669906,28.255348366991
11,102,83.182747590533,8.318274759053
11,103,87.203554155911,8.720355415591
11,104,184.219792625996,18.421979262600
11,105,123.495158490899,12.349515849090
11,106,146.154250854903,14.615425085490
11,107,27.750990260445,2.775099026045
11,108,758.582981794255,75.858298179425
11,109,397.245629477282,39.724562947728
11,110,232.472201174992,23.247220117499
11,111,147.215788010347,14.721578801035
11,112,27.216434134531,2.721643413453
11,113,578.526011729811,57.852601172981
11,114,63.993390590993,6.399339059099
11,115,27.905017220255,2.790501722026
11,116,39.392685008761,3.939268500876
11,117,237.858572412851,23.785857241285
11,118,86.386126187546,8.638612618755
11,119,87.027347859841,8.702734785984
11,120,35.683276324469,3.568327632447
11,121,83.041414035475,8.304141403547
11,122,68.766520242299,6.876652024230
11,123,55.929871100424,5.592987110042
11,124,108.692805959412,10.869280595941
11,125,23.149016840953,2.314901684095
11,126,385.649248819048,38.564924881905
11,127,303.889390954713,30.388939095471
11,128,459.146928584039,45.914692858404
11,129,54.345174585698,5.434517458570
11,130,68.748230820399,6.874823082040
11,131,176.178384227575,17.617838422757
11,132,94.573304008277,9.457330400828
11,133,283.062925962763,28.306292596276
11,134,644.904534020113,64.490453402011
11,135,136.864998876457,13.686499887646
11,136,157.388187036598,15.738818703660
11,137,1873.054023596758,187.305402359676
11,138,40.475446082902,4.047544608290
11,139,42.942061251425,4.294206125143
11,140,49.658032514968,4.965803251497
11,141,51.616638516976,5.161663851698
11,142,70.136043073251,7.013604307325
11,143,100.841457411708,10.084145741171
11,144,46.388047665064,4.638804766506
11,145,144.095189520666,14.409518952067
11,146,42.144492319527,4.214449231953
11,147,57.128988384789,5.712898838479
11,148,309.302923348976,30.930292334898
11,149,1223.634663887625,122.363466388762
11,150,680.461149273512,68.046114927351
11,151,575.096949855841,57.509694985584
11,152,257.741357830035,25.774135783004
11,153,201.968448186218,20.196844818622
11,154,138.240800165672,13.824080016567
11,155,387.367840280671,38.736784028067
11,156,417.321409241982,41.732140924198
11,157,196.460397697434,19.646039769743
11,158,513.967082186251,51.396708218625
11,159,357.468525388057,35.746852538806
11,160,1020.205041028618,102.020504102862
11,161,168.225351953635,16.822535195363
11,162,60.700953428383,6.070095342838
11,163,63.845437357113,6.384543735711
11,164,53.693170343775,5.369317034377
11,165,1565.591643936778,156.559164393678
11,166,502.869907204139,50.286990720414
11,167,2089.486265276973,208.948626527697
11,168,133.064279570886,13.306427957089
11,169,37.499798086192,3.749979808619
11,170,164.781276375120,16.478127637512
11,171,46.128378820546,4.612837882055
11,172,486.487703489848,48.648770348985
11,173,50.482489626823,5.048248962682
11,174,366.067624666214,36.606762466621
11,175,165.974797642337,16.597479764234
11,176,480.959589232262,48.095958923226
11,177,614.956492831840,61.495649283184
11,178,695.120666879486,69.512066687949
11,179,371.023853268858,37.102385326886
11,180,347.017007945493,34.701700794549
11,181,314.593275121858,31.459327512186
11,182,567.945581160493,56.794558116049
11,183,256.921950782435,25.692195078244
11,184,507.630889403586,50.763088940359
11,185,290.103261488589,29.010326148859
11,186,434.417582851500,43.441758285150
11,187,60.039667987287,6.003966798729
11,188,54.834280133307,5.483428013331
11,189,100.094593854706,10.009459385471
11,190,179.607923810325,17.960792381033
11,191,249.976474571689,24.997647457169
11,192,124.864817810073,12.486481781007
11,193,35.616465339243,3.561646533924
12,1,63.997636996239,6.399763699624
12,2,77.349389909098,7.734938990910
12,3,354.754365162702,35.475436516270
12,4,82.280540695200,8.228054069520
12,5,92.912634961889,9.291263496189
12,6,79.053886592080,7.905388659208
12,7,533.416602125764,53.341660212576
12,8,1217.612413213689,121.761241321369
12,9,308.262055137430,30.826205513743
12,10,677.239571654623,67.723957165462
12,11,560.944939962557,56.094493996256
12,12,307.797217454890,30.779721745489
12,13,331.751443975948,33.175144397595
12,14,355.778895520203,35.577889552020
12,15,105.246332730963,10.524633273096
12,16,453.405348297178,45.340534829718
12,17,488.910667235897,48.891066723590
12,18,510.443026056490,51.044302605649
12,19,480.548342032589,48.054834203259
12,20,248.164287815067,24.816428781507
12,21,749.069737378709,74.906973737871
12,22,604.891664374229,60.489166437423
12,23,353.977408401978,35.397740840198
12,24,579.114182995218,57.911418299522
12,25,468.313907912082,46.831390791208
12,26,552.745252839935,55.274525283994
12,27,31.485313384827,3.148531338483
12,28,125.313640005578,12.531364000558
12,29,609.426242762823,60.942624276282
12,30,473.512677903381,47.351267790338
12,31,385.102107491000,38.510210749100
12,32,158.778715541591,15.877871554159
12,33,457.867114974088,45.786711497409
12,34,1023.971973645645,102.397197364564
12,35,623.812445509514,62.381244550951
12,36,719.638926643815,71.963892664382
12,37,882.263230280466,88.226323028047
12,38,357.326678254197,35.732667825420
12,39,689.383766094612,68.938376609461
12,40,1044.988381926489,104.498838192649
12,41,188.816749775534,18.881674977553
12,42,1152.350800722945,115.235080072294
12,43,600.616852272068,60.061685227207
12,44,185.307252826459,18.530725282646
12,45,339.288454971415,33.928845497142
12,46,1067.352943480153,106.735294348015
12,47,2703.440784564787,270.344078456479
12,48,188.577029097520,18.857702909752
12,49,385.815345393344,38.581534539334
12,50,458.802094503595,45.880209450360
12,51,1838.076622149769,183.807662214977
12,52,422.995402586051,42.299540258605
12,53,877.883368168544,87.788336816854
12,54,377.190154067248,37.719015406725
12,55,1097.934895666281,109.793489566628
12,56,152.542189224349,15.254218922435
12,57,1728.761306450527,172.876130645053
12,58,1294.103010682326,129.410301068233
12,59,117.508527608148,11.750852760815
12,60,171.128463574452,17.112846357445
12,61,819.268287016749,81.926828701675
12,62,964.280698197121,96.428069819712
12,63,133.595713889954,13.359571388995
12,64,486.781492972468,48.678149297247
12,65,115.764559675595,11.576455967560
12,66,33.441310123968,3.344131012397
12,67,26.495472363763,2.649547236376
12,68,41.832016051225,4.183201605123
12,69,43.528246503932,4.352824650393
12,70,240.078950211268,24.007895021127
12,71,270.754792996284,27.075479299628
12,72,94.528682980914,9.452868298091
12,73,306.979136198541,30.697913619854
12,74,87.300346801016,8.730034680102
12,75,181.175377622828,18.117537762283
12,76,80.652919953787,8.065291995379
12,77,332.607343235811,33.260734323581
12,78,80.499719152666,8.049971915267
12,79,146.737711209551,14.673771120955
12,80,38.936424470674,3.893642447067
12,81,212.527260273944,21.252726027394
12,82,92.408188259275,9.240818825927
12,83,243.012290910082,24.301229091008
12,84,354.483439465395,35.448343946540
12,85,228.875452776727,22.887545277673
12,86,224.130774368609,22.413077436861
12,87,51.274599781148,5.127459978115
12,88,14.417614421742,1.441761442174
12,89,77.772620899247,7.777262089925
12,90,155.755892900035,15.575589290004
12,91,52.139660779568,5.213966077957
12,92,26.462338557406,2.646233855741
12,93,103.171233390591,10.317123339059
12,94,38.136391150428,3.813639115043
12,95,58.603095117895,5.860309511790
12,96,151.616027007137,15.161602700714
12,97,47.176202810136,4.717620281014
12,98,243.221839847587,24.322183984759
12,99,780.361758745574,78.036175874557
12,100,182.876016731681,18.287601673168
12,101,285.208021093466,28.520802109347
12,102,83.964234031987,8.396423403199
12,103,88.022815327168,8.802281532717
12,104,185.950503312464,18.595050331246
12,105,124.655372534572,12.465537253457
12,106,147.527342856699,14.752734285670
12,107,28.011705652202,2.801170565220
12,108,765.709727810246,76.570972781025
12,109,400.977678277732,40.097767827773
12,110,234.656234264733,23.465623426473
12,111,148.598852956270,14.859885295627
12,112,27.472127470914,2.747212747091
12,113,583.961156003006,58.396115600301
12,114,64.594596592695,6.459459659270
12,115,28.167179666650,2.816717966665
12,116,39.762771957299,3.976277195730
12,117,240.093209458495,24.009320945849
12,118,87.197707775084,8.719770777508
12,119,87.844953605722,8.784495360572
12,120,36.018514068376,3.601851406838
12,121,83.821572674468,8.382157267447
12,122,69.412568909264,6.941256890926
12,123,56.455321836343,5.645532183634
12,124,109.713954654319,10.971395465432
12,125,23.366497548409,2.336649754841
12,126,389.272351780164,38.927235178016
12,127,306.744375258693,30.674437525869
12,128,463.460528575830,46.346052857583
12,129,54.855737392618,5.485573739262
12,130,69.394107661647,6.939410766165
12,131,177.833547377858,17.783354737786
12,132,95.461802608609,9.546180260861
12,133,285.722249501907,28.572224950191
12,134,650.963292163687,65.096329216369
12,135,138.150820083735,13.815082008373
12,136,158.866819779286,15.886681977929
12,137,1890.651017756620,189.065101775662
12,138,40.855705370337,4.085570537034
12,139,43.345493929572,4.334549392957
12,140,50.124560493951,5.012456049395
12,141,52.101567235044,5.210156723504
12,142,70.794958152478,7.079495815248
12,143,101.788844147377,10.178884414738
12,144,46.823854744606,4.682385474461
12,145,145.448937024216,14.544893702422
12,146,42.540431985908,4.254043198591
12,147,57.665704604557,5.766570460456
12,148,312.208766782871,31.220876678287
12,149,1235.130483956331,123.513048395633
12,150,686.853955203789,68.685395520379
12,151,580.499878730543,58.049987873054
12,152,260.162789946436,26.016278994644
12,153,203.865904190389,20.386590419039
12,154,139.539546770161,13.953954677016
12,155,391.007089088908,39.100708908891
12,156,421.242066259186,42.124206625919
12,157,198.306106591771,19.830610659177
12,158,518.795707324476,51.879570732448
12,159,360.826875694211,36.082687569421
12,160,1029.789677628885,102.978967762889
12,161,169.805797844984,16.980579784498
12,162,61.271227595343,6.127122759534
12,163,64.445253365703,6.444525336570
12,164,54.197607692116,5.419760769212
12,165,1580.300086228358,158.030008622836
12,166,507.594276447504,50.759427644750
12,167,2109.116600090587,210.911660009059
12,168,134.314393727230,13.431439372723
12,169,37.852101714174,3.785210171417
12,170,166.329365817014,16.632936581701
12,171,46.561746359594,4.656174635959
12,172,491.058164976440,49.105816497644
12,173,50.956763227023,5.095676322702
12,174,369.506761910636,36.950676191064
12,175,167.534099994540,16.753409999454
12,176,485.478115113645,48.547811511364
12,177,620.733894698846,62.073389469885
12,178,701.651196250972,70.165119625097
12,179,374.509553359133,37.450955335913
12,180,350.277168189276,35.027716818928
12,181,317.548820426643,31.754882042664
12,182,573.281324256471,57.328132425647
12,183,259.335684722035,25.933568472203
12,184,512.399987189163,51.239998718916
12,185,292.828727670482,29.282872767048
12,186,438.498855239843,43.849885523984
12,187,60.603729500528,6.060372950053
12,188,55.349437995873,5.534943799587
12,189,101.034963946174,10.103496394617
12,190,181.295306847087,18.129530684709
12,191,252.324957054161,25.232495705416
12,192,126.037899548291,12.603789954829
12,193,35.951075406371,3.595107540637
13,1,63.326140968839,6.332614096884
13,2,76.537800442930,7.653780044293
13,3,351.032100434029,35.103210043403
13,4,81.417211066132,8.141721106613
13,5,91.937747947297,9.193774794730
13,6,78.224412672594,7.822441267259
13,7,527.819721583164,52.781972158316
13,8,1204.836599343656,120.483659934366
13,9,305.027611568285,30.502761156829
13,10,670.133626758706,67.013362675871
13,11,555.059217981961,55.505921798196
13,12,304.567651201094,30.456765120109
13,13,328.270537692999,32.827053769300
13,14,352.045880893607,35.204588089361
13,15,104.142034234264,10.414203423426
13,16,448.647986862078,44.864798686208
13,17,483.780765786229,48.378076578623
13,18,505.087196055593,50.508719605559
13,19,475.506182387421,47.550618238742
13,20,245.560420840726,24.556042084073
13,21,741.210113547208,74.121011354721
13,22,598.544830823819,59.854483082382
13,23,350.263295902086,35.026329590209
13,24,573.037819998954,57.303781999895
13,25,463.400118223916,46.340011822392
13,26,546.945566181691,54.694556618169
13,27,31.154953330118,3.115495333012
13,28,123.998785029797,12.399878502980
13,29,603.031830090483,60.303183009048
13,30,468.544340054371,46.854434005437
13,31,381.061418686525,38.106141868652
13,32,157.112727831324,15.711272783132
13,33,453.062938394877,45.306293839488
13,34,1013.227934572571,101.322793457257
13,35,617.267085420252,61.726708542025
13,36,712.088105971606,71.208810597161
13,37,873.006072015557,87.300607201556
13,38,353.577423497403,35.357742349740
13,39,682.150398082700,68.215039808270
13,40,1034.023827919847,103.402382791985
13,41,186.835587605620,18.683558760562
13,42,1140.259745159407,114.025974515941
13,43,594.314872242495,59.431487224250
13,44,183.362914098317,18.336291409832
13,45,335.728466503882,33.572846650388
13,46,1056.153729024427,105.615372902443
13,47,2675.074897442220,267.507489744222
13,48,186.598382199896,18.659838219990
13,49,381.767172931026,38.176717293103
13,50,453.988107639673,45.398810763967
13,51,1818.790579605685,181.879057960569
13,52,418.557117896545,41.855711789654
13,53,868.672165663047,86.867216566305
13,54,373.232481535597,37.323248153560
13,55,1086.414799684814,108.641479968481
13,56,150.941638346493,15.094163834649
13,57,1710.622256259150,171.062225625915
13,58,1280.524618236827,128.052461823683
13,59,116.275567874351,11.627556787435
13,60,169.332895974478,16.933289597448
13,61,810.672104002384,81.067210400238
13,62,954.162970597649,95.416297059765
13,63,132.193959147665,13.219395914767
13,64,481.673931911079,48.167393191108
13,65,114.549898547710,11.454989854771
13,66,33.090426748374,3.309042674837
13,67,26.217468279997,2.621746828000
13,68,41.393093086020,4.139309308602
13,69,43.071525818935,4.307152581894
13,70,237.559918745486,23.755991874549
13,71,267.913894856448,26.791389485645
13,72,93.536839561746,9.353683956175
13,73,303.758153672825,30.375815367283
13,74,86.384346791969,8.638434679197
13,75,179.274392648280,17.927439264828
13,76,79.806668156235,7.980666815623
13,77,329.117456418896,32.911745641890
13,78,79.655074816485,7.965507481648
13,79,145.198063891748,14.519806389175
13,80,38.527883537283,3.852788353728
13,81,210.297315268373,21.029731526837
13,82,91.438594158183,9.143859415818
13,83,240.462481329377,24.046248132938
13,84,350.764017428077,35.076401742808
13,85,226.473974151540,22.647397415154
13,86,221.779079342502,22.177907934250
13,87,50.736600384989,5.073660038499
13,88,14.266337417415,1.426633741741
13,89,76.956590676484,7.695659067648
13,90,154.121622195124,15.412162219512
13,91,51.592584719783,5.159258471978
13,92,26.184682130528,2.618468213053
13,93,102.088707900348,10.208870790035
13,94,37.736244576916,3.773624457692
13,95,57.988201390376,5.798820139038
13,96,150.025193898229,15.002519389823
13,97,46.681205896786,4.668120589679
13,98,240.669831571966,24.066983157197
13,99,772.173802978343,77.217380297834
13,100,180.957187779461,18.095718777946
13,101,282.215472272357,28.221547227236
13,102,83.083238228978,8.308323822898
13,103,87.099234807840,8.709923480784
13,104,183.999415270343,18.399941527034
13,105,123.347424438677,12.334742443868
13,106,145.979410318706,14.597941031871
13,107,27.717792471201,2.771779247120
13,108,757.675508665619,75.767550866562
13,109,396.770414843062,39.677041484306
13,110,232.194100715604,23.219410071560
13,111,147.039677584808,14.703967758481
13,112,27.183875820903,2.718387582090
13,113,577.833936080262,57.783393608026
13,114,63.916836959069,6.391683695907
13,115,27.871635172557,2.787163517256
13,116,39.345560562302,3.934556056230
13,117,237.574028377378,23.757402837738
13,118,86.282784707334,8.628278470733
13,119,86.923239302789,8.692323930279
13,120,35.640589347324,3.564058934732
13,121,82.942073747583,8.294207374758
13,122,68.684256639282,6.868425663928
13,123,55.862963647542,5.586296364754
13,124,108.562779577260,10.856277957726
13,125,23.121324273044,2.312132427304
13,126,385.187906633973,38.518790663397
13,127,303.525855965151,30.352585596515
13,128,458.597663032628,45.859766303263
13,129,54.280162864118,5.428016286412
13,130,68.665989096542,6.866598909654
13,131,175.967626600038,17.596762660004
13,132,94.460168419774,9.446016841977
13,133,282.724305132624,28.272430513262
13,134,644.133051467506,64.413305146751
13,135,136.701270831256,13.670127083126
13,136,157.199907634175,15.719990763417
13,137,1870.813337691997,187.081333769200
13,138,40.427026357478,4.042702635748
13,139,42.890690778307,4.289069077831
13,140,49.598627899771,4.959862789977
13,141,51.554890872264,5.155489087226
13,142,70.052141145623,7.005214114562
13,143,100.720823394007,10.072082339401
13,144,46.332554847855,4.633255484786
13,145,143.922812186091,14.392281218609
13,146,42.094075957418,4.209407595742
13,147,57.060646459028,5.706064645903
13,148,308.932912291143,30.893291229114
13,149,1222.170861504240,122.217086150424
13,150,679.647131265111,67.964713126511
13,151,574.408976303995,57.440897630400
13,152,257.433028534517,25.743302853452
13,153,201.726838574666,20.172683857467
13,154,138.075426285105,13.807542628511
13,155,386.904442189244,38.690444218924
13,156,416.822178473588,41.682217847359
13,157,196.225377223695,19.622537722369
13,158,513.352236708194,51.335223670819
13,159,357.040895070863,35.704089507086
13,160,1018.984596222115,101.898459622211
13,161,168.024108332150,16.802410833215
13,162,60.628338453567,6.062833845357
13,163,63.769060717802,6.376906071780
13,164,53.628938597944,5.362893859794
13,165,1563.718767295214,156.371876729521
13,166,502.268336988435,50.226833698844
13,167,2086.986667099977,208.698666709998
13,168,132.905098227526,13.290509822753
13,169,37.454938051220,3.745493805122
13,170,164.584152811843,16.458415281184
13,171,46.073196638436,4.607319663844
13,172,485.905730879172,48.590573087917
13,173,50.422098734986,5.042209873499
13,174,365.629707469782,36.562970746978
13,175,165.776246300551,16.577624630055
13,176,480.384229761165,48.038422976117
13,177,614.220836343468,61.422083634347
13,178,694.289112070728,69.428911207073
13,179,370.580007064810,37.058000706481
13,180,346.601880507298,34.660188050730
13,181,314.216935353534,31.421693535353
13,182,567.266162605371,56.726616260537
13,183,256.614601722296,25.661460172230
13,184,507.023623748470,50.702362374847
13,185,289.756218487825,28.975621848782
13,186,433.897900374427,43.389790037443
13,187,59.967844091077,5.996784409108
13,188,54.768683307458,5.476868330746
13,189,99.974853290489,9.997485329049
13,190,179.393063513615,17.939306351361
13,191,249.677434204439,24.967743420444
13,192,124.715445269963,12.471544526996
13,193,35.573858286346,3.557385828635
14,1,64.121592724197,6.412159272420
14,2,77.499206377069,7.749920637707
14,3,355.441481713313,35.544148171331
14,4,82.439908209336,8.243990820934
14,5,93.092595564245,9.309259556424
14,6,79.207004465183,7.920700446518
14,7,534.449765947506,53.444976594751
14,8,1219.970782055646,121.997078205565
14,9,308.859121673632,30.885912167363
14,10,678.551303275455,67.855130327546
14,11,562.031422864755,56.203142286476
14,12,308.393383656391,30.839338365639
14,13,332.394006634029,33.239400663403
14,14,356.467996462929,35.646799646293
14,15,105.450182222927,10.545018222293
14,16,454.283539940592,45.428353994059
14,17,489.857628413031,48.985762841303
14,18,511.431692823666,51.143169282367
14,19,481.479106391267,48.147910639127
14,20,248.644952201959,24.864495220196
14,21,750.520595393883,75.052059539388
14,22,606.063266797576,60.606326679758
14,23,354.663020080762,35.466302008076
14,24,580.235857536550,58.023585753655
14,25,469.220975642905,46.922097564290
14,26,553.815853934085,55.381585393409
14,27,31.546296651145,3.154629665114
14,28,125.556357458894,12.555635745889
14,29,610.606628119284,61.060662811928
14,30,474.429815026591,47.442981502659
14,31,385.848003969570,38.584800396957
14,32,159.086250822469,15.908625082247
14,33,458.753948523084,45.875394852308
14,34,1025.955284238963,102.595528423896
14,35,625.020695210937,62.502069521094
14,36,721.032780717277,72.103278071728
14,37,883.972068076564,88.397206807656
14,38,358.018777065977,35.801877706598
14,39,690.719019559890,69.071901955989
14,40,1047.012398775692,104.701239877569
14,41,189.182465117032,18.918246511703
14,42,1154.582765668388,115.458276566839
14,43,601.780174898366,60.178017489837
14,44,185.666170694339,18.566617069434
14,45,339.945615913565,33.994561591356
14,46,1069.420277796030,106.942027779603
14,47,2708.677024310048,270.867702431005
14,48,188.942280128888,18.894228012889
14,49,386.562623327973,38.656262332797
14,50,459.690738995520,45.969073899552
14,51,1841.636755561490,184.163675556149
14,52,423.814693821032,42.381469382103
14,53,879.583722698354,87.958372269835
14,54,377.920726043347,37.792072604335
14,55,1100.061463546451,110.006146354645
14,56,152.837645103614,15.283764510361
14,57,1732.109709239517,173.210970923952
14,58,1296.609532614557,129.660953261456
14,59,117.736127497216,11.773612749722
14,60,171.459918832370,17.145991883237
14,61,820.855111182087,82.085511118209
14,62,966.148393967014,96.614839396701
14,63,133.854472724570,13.385447272457
14,64,487.724330195059,48.772433019506
14,65,115.988781708468,11.598878170847
14,66,33.506081920785,3.350608192078
14,67,26.546790907988,2.654679090799
14,68,41.913039636548,4.191303963655
14,69,43.612555483691,4.361255548369
14,70,240.543954271381,24.054395427138
14,71,271.279212475491,27.127921247549
14,72,94.711773673974,9.471177367397
14,73,307.573717875013,30.757371787501
14,74,87.469437076010,8.746943707601
14,75,181.526292545243,18.152629254524
14,76,80.809134962248,8.080913496225
14,77,333.251563667847,33.325156366785
14,78,80.655637429595,8.065563742959
14,79,147.021924512816,14.702192451282
14,80,39.011839643263,3.901183964326
14,81,212.938900023390,21.293890002339
14,82,92.587171809021,9.258717180902
14,83,243.482976498431,24.348297649843
14,84,355.170031265505,35.517003126551
14,85,229.318757009387,22.931875700939
14,86,224.564888729680,22.456488872968
14,87,51.373912515804,5.137391251580
14,88,14.445539607341,1.444553960734
14,89,77.923257114758,7.792325711476
14,90,156.057573336914,15.605757333691
14,91,52.240649033365,5.224064903337
14,92,26.513592925431,2.651359292543
14,93,103.371063664637,10.337106366464
14,94,38.210256754669,3.821025675467
14,95,58.716602266860,5.871660226686
14,96,151.909689021547,15.190968902155
14,97,47.267577442639,4.726757744264
14,98,243.692931307033,24.369293130703
14,99,781.873225643668,78.187322564367
14,100,183.230225587571,18.323022558757
14,101,285.760434737680,28.576043473768
14,102,84.126862657673,8.412686265767
14,103,88.193304936831,8.819330493683
14,104,186.310667079192,18.631066707919
14,105,124.896815002945,12.489681500294
14,106,147.813085581522,14.781308558152
14,107,28.065960957998,2.806596095800
14,108,767.192815486138,76.719281548614
14,109,401.754323828080,40.175432382808
14,110,235.110735176070,23.511073517607
14,111,148.886671067321,14.888667106732
14,112,27.525337678650,2.752533767865
14,113,585.092218548267,58.509221854827
14,114,64.719708559615,6.471970855962
14,115,28.221736106918,2.822173610692
14,116,39.839787665612,3.983978766561
14,117,240.558241137055,24.055824113705
14,118,87.366599250627,8.736659925063
14,119,88.015098718616,8.801509871862
14,120,36.088277599357,3.608827759936
14,121,83.983924982258,8.398392498226
14,122,69.547012709261,6.954701270926
14,123,56.564669006705,5.656466900670
14,124,109.926457392774,10.992645739277
14,125,23.411755644636,2.341175564464
14,126,390.026325520503,39.002632552050
14,127,307.338502231451,30.733850223145
14,128,464.358195894436,46.435819589444
14,129,54.961986360241,5.496198636024
14,130,69.528515704427,6.952851570443
14,131,178.177989576902,17.817798957690
14,132,95.646700642192,9.564670064219
14,133,286.275659144719,28.627565914472
14,134,652.224129790535,65.222412979053
14,135,138.418401611354,13.841840161135
14,136,159.174525707480,15.917452570748
14,137,1894.312981451227,189.431298145123
14,138,40.934837959259,4.093483795926
14,139,43.429448939568,4.342944893957
14,140,50.221645740786,5.022164574079
14,141,52.202481706226,5.220248170623
14,142,70.932079474224,7.093207947422
14,143,101.985996899674,10.198599689967
14,144,46.914546921272,4.691454692127
14,145,145.730654126844,14.573065412684
14,146,42.622827687718,4.262282768772
14,147,57.777396140807,5.777739614081
14,148,312.813477624988,31.281347762499
14,149,1237.522783194991,123.752278319499
14,150,688.184308729548,68.818430872955
14,151,581.624237197902,58.162423719790
14,152,260.666693989289,26.066669398929
14,153,204.260767934518,20.426076793452
14,154,139.809818094395,13.980981809440
14,155,391.764422806834,39.176442280683
14,156,422.057961492518,42.205796149252
14,157,198.690201676447,19.869020167645
14,158,519.800552230965,51.980055223096
14,159,361.525753967579,36.152575396758
14,160,1031.784256415314,103.178425641531
14,161,170.134691258418,17.013469125842
14,162,61.389902596107,6.138990259611
14,163,64.570076072748,6.457007607275
14,164,54.302581941642,5.430258194164
14,165,1583.360937484355,158.336093748435
14,166,508.577425529214,50.857742552921
14,167,2113.201705350462,211.320170535046
14,168,134.574544558279,13.457454455828
14,169,37.925416683959,3.792541668396
14,170,166.651525799607,16.665152579961
14,171,46.651930863833,4.665193086383
14,172,492.009285598488,49.200928559849
14,173,51.055460350489,5.105546035049
14,174,370.222452079959,37.022245207996
14,175,167.858593402380,16.785859340238
14,176,486.418427850038,48.641842785004
14,177,621.936181617506,62.193618161751
14,178,703.010210253459,70.301021025346
14,179,375.234933333969,37.523493333397
14,180,350.955612947675,35.095561294768
14,181,318.163874310595,31.816387431059
14,182,574.391701251753,57.439170125175
14,183,259.837986761517,25.983798676152
14,184,513.392444354753,51.339244435475
14,185,293.395901707042,29.339590170704
14,186,439.348174798521,43.934817479852
14,187,60.721111637741,6.072111163774
14,188,55.456643202204,5.545664320220
14,189,101.230656523166,10.123065652317
14,190,181.646454057990,18.164645405799
14,191,252.813680157102,25.281368015710
14,192,126.282019805258,12.628201980526
14,193,36.020708316773,3.602070831677
15,1,63.808086507731,6.380808650773
15,2,77.120293721626,7.712029372163
15,3,353.703641005174,35.370364100517
15,4,82.036839249093,8.203683924909
15,5,92.637442998995,9.263744299900
15,6,78.819741965415,7.881974196542
15,7,531.836709769477,53.183670976948
15,8,1214.006045251218,121.400604525122
15,9,307.349033565352,30.734903356535
15,10,675.233699287005,67.523369928701
15,11,559.283513191412,55.928351319141
15,12,306.885572655674,30.688557265567
15,13,330.768850692506,33.076885069251
15,14,354.725136872046,35.472513687205
15,15,104.934610381216,10.493461038122
15,16,452.062436132053,45.206243613205
15,17,487.462594148192,48.746259414819
15,18,508.931177658872,50.893117765887
15,19,479.125036778537,47.912503677854
15,20,247.429265958117,24.742926595812
15,21,746.851115859066,74.685111585907
15,22,603.100074624082,60.310007462408
15,23,352.928985462752,35.292898546275
15,24,577.398941910697,57.739894191070
15,25,466.926839042263,46.692683904226
15,26,551.108112195164,55.110811219516
15,27,31.392059058371,3.139205905837
15,28,124.942481587947,12.494248158795
15,29,607.621222336340,60.762122233634
15,30,472.110211130800,47.211021113080
15,31,383.961498305627,38.396149830563
15,32,158.308439067207,15.830843906721
15,33,456.510987788957,45.651098778896
15,34,1020.939136857723,102.093913685772
15,35,621.964815513579,62.196481551358
15,36,717.507474351253,71.750747435125
15,37,879.650111513261,87.965011151326
15,38,356.268335327821,35.626833532782
15,39,687.341924617873,68.734192461787
15,40,1041.893297989403,104.189329798940
15,41,188.257505577809,18.825750557781
15,42,1148.937726936774,114.893772693677
15,43,598.837923813186,59.883792381319
15,44,184.758403182226,18.475840318223
15,45,338.283538299438,33.828353829944
15,46,1064.191619385356,106.419161938536
15,47,2695.433637029093,269.543363702909
15,48,188.018494913066,18.801849491307
15,49,384.672623714461,38.467262371446
15,50,457.443198062678,45.744319806268
15,51,1832.632541118111,183.263254111811
15,52,421.742559684973,42.174255968497
15,53,875.283221833477,87.528322183348
15,54,376.072978788295,37.607297878830
15,55,1094.682992852511,109.468299285251
15,56,152.090384316503,15.209038431650
15,57,1723.640999427795,172.364099942779
15,58,1290.270090134527,129.027009013453
15,59,117.160486651367,11.716048665137
15,60,170.621609174969,17.062160917497
15,61,816.841748923918,81.684174892392
15,62,961.424657162167,96.142465716217
15,63,133.200025329894,13.320002532989
15,64,485.339726149192,48.533972614919
15,65,115.421684065366,11.542168406537
15,66,33.342262456463,3.334226245646
15,67,26.416997126778,2.641699712678
15,68,41.708116491024,4.170811649102
15,69,43.399322987753,4.339932298775
15,70,239.367875796200,23.936787579620
15,71,269.952861773712,26.995286177371
15,72,94.248704549241,9.424870454924
15,73,306.069914421628,30.606991442163
15,74,87.041777513778,8.704177751378
15,75,180.638765914244,18.063876591424
15,76,80.414039252963,8.041403925296
15,77,331.622214919352,33.162221491935
15,78,80.261292207449,8.026129220745
15,79,146.303098212139,14.630309821214
15,80,38.821101177103,3.882110117710
15,81,211.897789438820,21.189778943882
15,82,92.134490384654,9.213449038465
15,83,242.292528421695,24.229252842170
15,84,353.433517745280,35.343351774528
15,85,228.197561280769,22.819756128077
15,86,223.466935830733,22.346693583073
15,87,51.122732838981,5.112273283898
15,88,14.374911816067,1.437491181607
15,89,77.542271171103,7.754227117110
15,90,155.294569529786,15.529456952979
15,91,51.985231668819,5.198523166882
15,92,26.383961457312,2.638396145731
15,93,102.865657144233,10.286565714423
15,94,38.023437424138,3.802343742414
15,95,58.429522376322,5.842952237632
15,96,151.166965239646,15.116696523965
15,97,47.036474646593,4.703647464659
15,98,242.501456709668,24.250145670967
15,99,778.050455398682,77.805045539868
15,100,182.334368009404,18.233436800940
15,101,284.363281783363,28.436328178336
15,102,83.715545762780,8.371554576278
15,103,87.762106206829,8.776210620683
15,104,185.399748465951,18.539974846595
15,105,124.286163797062,12.428616379706
15,106,147.090391100053,14.709039110005
15,107,27.928739581274,2.792873958127
15,108,763.441821372236,76.344182137224
15,109,399.790048259416,39.979004825942
15,110,233.961221043561,23.396122104356
15,111,148.158727562717,14.815872756272
15,112,27.390759541927,2.739075954193
15,113,582.231558980602,58.223155898060
15,114,64.403278007920,6.440327800792
15,115,28.083753107229,2.808375310723
15,116,39.645001158209,3.964500115821
15,117,239.382092809878,23.938209280988
15,118,86.939442487782,8.693944248778
15,119,87.584771282587,8.758477128259
15,120,35.911833146120,3.591183314612
15,121,83.573306944768,8.357330694477
15,122,69.206980281889,6.920698028189
15,123,56.288110446436,5.628811044644
15,124,109.388999942288,10.938899994229
15,125,23.297289820861,2.329728982086
15,126,388.119391016212,38.811939101621
15,127,305.835848805121,30.583584880512
15,128,462.087834618387,46.208783461839
15,129,54.693263709085,5.469326370909
15,130,69.188573713455,6.918857371345
15,131,177.306833621529,17.730683362153
15,132,95.179060429874,9.517906042987
15,133,284.875987131726,28.487598713173
15,134,649.035245819771,64.903524581977
15,135,137.741640047352,13.774164004735
15,136,158.396282354623,15.839628235462
15,137,1885.051220001064,188.505122000106
15,138,40.734697482003,4.073469748200
15,139,43.217111696500,4.321711169650
15,140,49.976099779247,4.997609977925
15,141,51.947250951117,5.194725095112
15,142,70.585275115237,7.058527511524
15,143,101.487362310886,10.148736231089
15,144,46.685170178157,4.668517017816
15,145,145.018141164247,14.501814116425
15,146,42.414434214073,4.241443421407
15,147,57.494908259709,5.749490825971
15,148,311.284055699189,31.128405569919
15,149,1231.472230345845,123.147223034584
15,150,684.819606611361,68.481960661136
15,151,578.780533442869,57.878053344287
15,152,259.392230497051,25.939223049705
15,153,203.262086869266,20.326208686927
15,154,139.126253553445,13.912625355345
15,155,389.848990317996,38.984899031800
15,156,419.994416452304,41.999441645230
15,157,197.718756477881,19.771875647788
15,158,517.259119656957,51.725911965696
15,159,359.758165757961,35.975816575796
15,160,1026.739609757383,102.673960975738
15,161,169.302860964131,16.930286096413
15,162,61.089752283640,6.108975228364
15,163,64.254377111035,6.425437711103
15,164,54.037083280651,5.403708328065
15,165,1575.619496953629,157.561949695363
15,166,506.090865578291,50.609086557829
15,167,2102.869743165395,210.286974316539
15,168,133.916576555542,13.391657655554
15,169,37.739990006497,3.773999000650
15,170,165.836725556788,16.583672555679
15,171,46.423838115126,4.642383811513
15,172,489.603731353176,48.960373135318
15,173,50.805837664521,5.080583766452
15,174,368.412343577175,36.841234357717
15,175,167.037891509569,16.703789150957
15,176,484.040208681494,48.404020868149
15,177,618.895382864728,61.889538286473
15,178,699.573020661162,69.957302066116
15,179,373.400317579162,37.340031757916
15,180,349.239704753758,34.923970475376
15,181,316.608292981227,31.660829298123
15,182,571.583359141427,57.158335914143
15,183,258.567575022464,25.856757502246
15,184,510.882342594121,51.088234259412
15,185,291.961417079278,29.196141707928
15,186,437.200093658607,43.720009365861
15,187,60.424231208538,6.042423120854
15,188,55.185502052248,5.518550205225
15,189,100.735714979006,10.073571497901
15,190,180.758339927840,18.075833992784
15,191,251.577611978358,25.157761197836
15,192,125.664595992861,12.566459599286
15,193,35.844594226355,3.584459422635
16,1,63.511960767848,6.351196076785
16,2,76.762387611472,7.676238761147
16,3,352.062144478248,35.206214447825
16,4,81.656116035940,8.165611603594
16,5,92.207523644719,9.220752364472
16,6,78.453948918101,7.845394891810
16,7,529.368518858301,52.936851885830
16,8,1208.371987594122,120.837198759412
16,9,305.922663257945,30.592266325794
16,10,672.100020003712,67.210002000371
16,11,556.687944930192,55.668794493019
16,12,305.461353215222,30.546135321522
16,13,329.233791799462,32.923379179946
16,14,353.078899704302,35.307889970430
16,15,104.447621335795,10.444762133579
16,16,449.964468136146,44.996446813615
16,17,485.200338229574,48.520033822957
16,18,506.569288597743,50.656928859774
16,19,476.901474471968,47.690147447197
16,20,246.280976165068,24.628097616507
16,21,743.385068663935,74.338506866393
16,22,600.301158912976,60.030115891298
16,23,351.291084020057,35.129108402006
16,24,574.719302099515,57.471930209952
16,25,464.759887120484,46.475988712048
16,26,548.550484997551,54.855048499755
16,27,31.246372246183,3.124637224618
16,28,124.362638392074,12.436263839207
16,29,604.801324516466,60.480132451647
16,30,469.919203795689,46.991920379569
16,31,382.179578661964,38.217957866196
16,32,157.573748431359,15.757374843136
16,33,454.392374593940,45.439237459394
16,34,1016.201079758303,101.620107975830
16,35,619.078350783856,61.907835078386
16,36,714.177607506105,71.417760750610
16,37,875.567759974962,87.556775997496
16,38,354.614936359598,35.461493635960
16,39,684.152052501022,68.415205250102
16,40,1037.057995120545,103.705799512055
16,41,187.383824886551,18.738382488655
16,42,1143.605643605480,114.360564360548
16,43,596.058788237036,59.605878823704
16,44,183.900961408988,18.390096140899
16,45,336.713604635038,33.671360463504
16,46,1059.252832659155,105.925283265915
16,47,2682.924450125701,268.292445012570
16,48,187.145923441875,18.714592344187
16,49,382.887403822360,38.288740382236
16,50,455.320258590661,45.532025859066
16,51,1824.127511475699,182.412751147570
16,52,419.785302629285,41.978530262928
16,53,871.221136510766,87.122113651077
16,54,374.327668825419,37.432766882542
16,55,1089.602699288819,108.960269928882
16,56,151.384550933151,15.138455093315
16,57,1715.641786566462,171.564178656646
16,58,1284.282100116290,128.428210011629
16,59,116.616758768372,11.661675876837
16,60,169.829774581230,16.982977458123
16,61,813.050883525709,81.305088352571
16,62,956.962799684115,95.696279968411
16,63,132.581859855701,13.258185985570
16,64,483.087322208454,48.308732220845
16,65,114.886025758352,11.488602575835
16,66,33.187524982269,3.318752498227
16,67,26.294398985260,2.629439898526
16,68,41.514554083326,4.151455408333
16,69,43.197911891862,4.319791189186
16,70,238.256997956038,23.825699795604
16,71,268.700042651534,26.870004265153
16,72,93.811307521760,9.381130752176
16,73,304.649480354023,30.464948035402
16,74,86.637826977447,8.663782697745
16,75,179.800442887560,17.980044288756
16,76,80.040847261569,8.004084726157
16,77,330.083195664434,33.008319566443
16,78,79.888809096925,7.988880909693
16,79,145.624122935234,14.562412293523
16,80,38.640937064083,3.864093706408
16,81,210.914397002036,21.091439700204
16,82,91.706905173637,9.170690517364
16,83,241.168077616569,24.116807761657
16,84,351.793274828273,35.179327482827
16,85,227.138523541630,22.713852354163
16,86,222.429852361627,22.242985236163
16,87,50.885478316625,5.088547831663
16,88,14.308199560140,1.430819956014
16,89,77.182406713797,7.718240671380
16,90,154.573865903979,15.457386590398
16,91,51.743974391983,5.174397439198
16,92,26.261516630407,2.626151663041
16,93,102.388269864695,10.238826986469
16,94,37.846975173718,3.784697517372
16,95,58.158357912823,5.815835791282
16,96,150.465417334395,15.046541733440
16,97,46.818183962471,4.681818396247
16,98,241.376036293208,24.137603629321
16,99,774.439615779726,77.443961577973
16,100,181.488175895079,18.148817589508
16,101,283.043585615955,28.304358561595
16,102,83.327031872370,8.332703187237
16,103,87.354812710713,8.735481271071
16,104,184.539330285536,18.453933028554
16,105,123.709366493992,12.370936649399
16,106,146.407762090500,14.640776209050
16,107,27.799125622837,2.779912562284
16,108,759.898778686185,75.989877868619
16,109,397.934670198131,39.793467019813
16,110,232.875434845016,23.287543484502
16,111,147.471140530712,14.747114053071
16,112,27.263642284863,2.726364228486
16,113,579.529491568410,57.952949156841
16,114,64.104390055079,6.410439005508
16,115,27.953419749456,2.795341974946
16,116,39.461013423375,3.946101342337
16,117,238.271148990247,23.827114899025
16,118,86.535966876135,8.653596687613
16,119,87.178300776760,8.717830077676
16,120,35.745170599991,3.574517059999
16,121,83.185453167794,8.318545316779
16,122,68.885798918166,6.888579891817
16,123,56.026884020996,5.602688402100
16,124,108.881338604737,10.888133860474
16,125,23.189169869878,2.318916986988
16,126,386.318175087037,38.631817508704
16,127,304.416501008202,30.441650100820
16,128,459.943339940568,45.994333994057
16,129,54.439438777655,5.443943877765
16,130,68.867477772427,6.886747777243
16,131,176.483973696302,17.648397369630
16,132,94.737345731411,9.473734573141
16,133,283.553911559779,28.355391155978
16,134,646.023150442866,64.602315044287
16,135,137.102397479454,13.710239747945
16,136,157.661184048526,15.766118404853
16,137,1876.302921504852,187.630292150485
16,138,40.545652596143,4.054565259614
16,139,43.016546221539,4.301654622154
16,140,49.744166644536,4.974416664454
16,141,51.706169938274,5.170616993827
16,142,70.257697249132,7.025769724913
16,143,101.016371533729,10.101637153373
16,144,46.468509856288,4.646850985629
16,145,144.345129220163,14.434512922016
16,146,42.217593869834,4.221759386983
16,147,57.228081229158,5.722808122916
16,148,309.839423422106,30.983942342211
16,149,1225.757114201226,122.575711420123
16,150,681.641440272363,68.164144027236
16,151,576.094481829718,57.609448182972
16,152,258.188422008502,25.818842200850
16,153,202.318771700942,20.231877170094
16,154,138.480585158958,13.848058515896
16,155,388.039747524187,38.803974752419
16,156,418.045272321428,41.804527232143
16,157,196.801167246556,19.680116724656
16,158,514.858581607575,51.485858160757
16,159,358.088570901807,35.808857090181
16,160,1021.974633353168,102.197463335317
16,161,168.517146523981,16.851714652398
16,162,60.806242009560,6.080624200956
16,163,63.956180189545,6.395618018954
16,164,53.786303604541,5.378630360454
16,165,1568.307234278987,156.830723427899
16,166,503.742158067690,50.374215806769
16,167,2093.110574811416,209.311057481142
16,168,133.295085652341,13.329508565234
16,169,37.564843201828,3.756484320183
16,170,165.067097038787,16.506709703879
16,171,46.208390604278,4.620839060428
16,172,487.331538671465,48.733153867147
16,173,50.570053814977,5.057005381498
16,174,366.702585711126,36.670258571113
16,175,166.262688523253,16.626268852325
16,176,481.793835646753,48.179383564675
16,177,616.023163006837,61.602316300684
16,178,696.326385482391,69.632638548239
16,179,371.667411119060,37.166741111906
16,180,347.618924824015,34.761892482401
16,181,315.138951552205,31.513895155220
16,182,568.930708758148,56.893070875815
16,183,257.367593661885,25.736759366189
16,184,508.511398408607,50.851139840861
16,185,290.606458869715,29.060645886972
16,186,435.171100026331,43.517110002633
16,187,60.143809538608,6.014380953861
16,188,54.929392701216,5.492939270122
16,189,100.268212507712,10.026821250771
16,190,179.919461972382,17.991946197238
16,191,250.410070204851,25.041007020485
16,192,125.081401549926,12.508140154993
16,193,35.678243728055,3.567824372805
17,1,63.190847401195,6.319084740119
17,2,76.374280734906,7.637428073491
17,3,350.282135498559,35.028213549856
17,4,81.243266707859,8.124326670786
17,5,91.741326915940,9.174132691594
17,6,78.057289590319,7.805728959032
17,7,526.692057523531,52.669205752353
17,8,1202.262517938107,120.226251793811
17,9,304.375933238174,30.437593323817
17,10,668.701915181541,66.870191518154
17,11,553.873357913662,55.387335791366
17,12,303.916955556460,30.391695555646
17,13,327.569201854160,32.756920185416
17,14,351.293750059930,35.129375005993
17,15,103.919539271873,10.391953927187
17,16,447.689469797400,44.768946979740
17,17,482.747189055367,48.274718905537
17,18,504.008099055838,50.400809905584
17,19,474.490283946940,47.449028394694
17,20,245.035791597583,24.503579159758
17,21,739.626550122984,73.962655012298
17,22,597.266065620097,59.726606562010
17,23,349.514973484325,34.951497348433
17,24,571.813549423227,57.181354942323
17,25,462.410083867142,46.241008386714
17,26,545.777040580359,54.577704058036
17,27,31.088392116671,3.108839211667
17,28,123.733866976154,12.373386697615
17,29,601.743478606443,60.174347860644
17,30,467.543315289630,46.754331528963
17,31,380.247297408380,38.024729740838
17,32,156.777063267759,15.677706326776
17,33,452.094988976756,45.209498897676
17,34,1011.063216811352,101.106321681135
17,35,615.948320927454,61.594832092745
17,36,710.566760459947,71.056676045995
17,37,871.140932213088,87.114093221309
17,38,352.822020589040,35.282202058904
17,39,680.693013192127,68.069301319213
17,40,1031.814680629838,103.181468062984
17,41,186.436421434695,18.643642143470
17,42,1137.823629416318,113.782362941632
17,43,593.045144162759,59.304514416276
17,44,182.971167144494,18.297116714449
17,45,335.011197121950,33.501119712195
17,46,1053.897302155618,105.389730215562
17,47,2669.359715353870,266.935971535387
17,48,186.199722808085,18.619972280809
17,49,380.951543839392,38.095154383939
17,50,453.018181637382,45.301818163738
17,51,1814.904812013547,181.490481201355
17,52,417.662888674985,41.766288867499
17,53,866.816285064491,86.681628506449
17,54,372.435086443855,37.243508644386
17,55,1084.093721344311,108.409372134431
17,56,150.619158049328,15.061915804933
17,57,1706.967585622356,170.696758562236
17,58,1277.788832644866,127.778883264487
17,59,116.027150140902,11.602715014090
17,60,168.971123548978,16.897112354898
17,61,808.940138032852,80.894013803285
17,62,952.124442583297,95.212444258330
17,63,131.911532458143,13.191153245814
17,64,480.644856339881,48.064485633988
17,65,114.305167632314,11.430516763231
17,66,33.019730479485,3.301973047948
17,67,26.161455790306,2.616145579031
17,68,41.304658528762,4.130465852876
17,69,42.979505362568,4.297950536257
17,70,237.052382229846,23.705238222985
17,71,267.341508380628,26.734150838063
17,72,93.337002140156,9.333700214016
17,73,303.109187484730,30.310918748473
17,74,86.199790362550,8.619979036255
17,75,178.891380644114,17.889138064411
17,76,79.636164653393,7.963616465339
17,77,328.414311174743,32.841431117474
17,78,79.484895186272,7.948489518627
17,79,144.887854493570,14.488785449357
17,80,38.445570376592,3.844557037659
17,81,209.848024128675,20.984802412867
17,82,91.243239547359,9.124323954736
17,83,239.948743614022,23.994874361402
17,84,350.014625240382,35.001462524038
17,85,225.990122278164,22.599012227816
17,86,221.305257909300,22.130525790930
17,87,50.628203827562,5.062820382756
17,88,14.235858003118,1.423585800312
17,89,76.792176241196,7.679217624120
17,90,153.792347999684,15.379234799968
17,91,51.482359388759,5.148235938876
17,92,26.128739687030,2.612873968703
17,93,101.870599781068,10.187059978107
17,94,37.655622718705,3.765562271870
17,95,57.864312100309,5.786431210031
17,96,149.704671545084,14.970467154508
17,97,46.581473514691,4.658147351469
17,98,240.155650861766,24.015565086177
17,99,770.524086967739,77.052408696774
17,100,180.570580556110,18.057058055611
17,101,281.612531093503,28.161253109350
17,102,82.905734475561,8.290573447556
17,103,86.913151051023,8.691315105102
17,104,183.606308459231,18.360630845923
17,105,123.083897988830,12.308389798883
17,106,145.667531607602,14.566753160760
17,107,27.658574603614,2.765857460361
17,108,756.056767635209,75.605676763521
17,109,395.922731972475,39.592273197248
17,110,231.698028038648,23.169802803865
17,111,146.725533658440,14.672553365844
17,112,27.125798643202,2.712579864320
17,113,576.599418809480,57.659941880948
17,114,63.780281394931,6.378028139493
17,115,27.812088626677,2.781208862668
17,116,39.261500469929,3.926150046993
17,117,237.066461717118,23.706646171712
17,118,86.098445260927,8.609844526093
17,119,86.737531552774,8.673753155277
17,120,35.564444766082,3.556444476608
17,121,82.764871585989,8.276487158599
17,122,68.537515688712,6.853751568871
17,123,55.743614836207,5.574361483621
17,124,108.330839883200,10.833083988320
17,125,23.071926561425,2.307192656142
17,126,384.364969292387,38.436496929239
17,127,302.877386071084,30.287738607108
17,128,457.617888914143,45.761788891414
17,129,54.164195638359,5.416419563836
17,130,68.519287173789,6.851928717379
17,131,175.591679358846,17.559167935885
17,132,94.258358345920,9.425835834592
17,133,282.120276854320,28.212027685432
17,134,642.756888997520,64.275688899752
17,135,136.409214464814,13.640921446481
17,136,156.864056814723,15.686405681472
17,137,1866.816425722001,186.681642572200
17,138,40.340655760100,4.034065576010
17,139,42.799056668202,4.279905666820
17,140,49.492662571454,4.949266257145
17,141,51.444746072519,5.144474607252
17,142,69.902477768830,6.990247776883
17,143,100.505637700950,10.050563770095
17,144,46.233567343682,4.623356734368
17,145,143.615327308154,14.361532730815
17,146,42.004143780503,4.200414378050
17,147,56.938738850047,5.693873885005
17,148,308.272890454552,30.827289045455
17,149,1219.559746195561,121.955974619556
17,150,678.195094496077,67.819509449608
17,151,573.181776311988,57.318177631199
17,152,256.883033977341,25.688303397734
17,153,201.295857888606,20.129585788861
17,154,137.780434094830,13.778043409483
17,155,386.077837543514,38.607783754351
17,156,415.931655875242,41.593165587524
17,157,195.806150172422,19.580615017242
17,158,512.255481805722,51.225548180572
17,159,356.278092604933,35.627809260493
17,160,1016.807579601682,101.680757960168
17,161,167.665132074973,16.766513207497
17,162,60.498808624586,6.049880862459
17,163,63.632820871227,6.363282087123
17,164,53.514362684729,5.351436268473
17,165,1560.377949623676,156.037794962368
17,166,501.195262359442,50.119526235944
17,167,2082.527910139625,208.252791013962
17,168,132.621152220046,13.262115222005
17,169,37.374917192262,3.737491719226
17,170,164.232525871201,16.423252587120
17,171,45.974763241886,4.597476324189
17,172,484.867614252081,48.486761425208
17,173,50.314374096763,5.031437409676
17,174,364.848555376770,36.484855537677
17,175,165.422072503610,16.542207250361
17,176,479.357909582959,47.935790958296
17,177,612.908580030377,61.290858003038
17,178,692.805793341508,69.280579334151
17,179,369.788278870320,36.978827887032
17,180,345.861380545537,34.586138054554
17,181,313.545624429677,31.354562442968
17,182,566.054222926617,56.605422292662
17,183,256.066355698690,25.606635569869
17,184,505.940389654506,50.594038965451
17,185,289.137166830066,28.913716683007
17,186,432.970896233061,43.297089623306
17,187,59.839725379801,5.983972537980
17,188,54.651672378851,5.465167237885
17,189,99.761261330370,9.976126133037
17,190,179.009797974266,17.900979797427
17,191,249.144009139895,24.914400913989
17,192,124.448996102641,12.444899610264
17,193,35.497856273137,3.549785627314
18,1,62.665307282199,6.266530728220
18,2,75.739097789331,7.573909778933
18,3,347.368939636453,34.736893963645
18,4,80.567589805123,8.056758980512
18,5,90.978340663229,9.097834066323
18,6,77.408109543731,7.740810954373
18,7,522.311711033985,52.231171103399
18,8,1192.263646064615,119.226364606462
18,9,301.844526068430,30.184452606843
18,10,663.140513514519,66.314051351452
18,11,549.266952359726,54.926695235973
18,12,301.389365572201,30.138936557220
18,13,324.844902934271,32.484490293427
18,14,348.372140890219,34.837214089022
18,15,103.055270326590,10.305527032659
18,16,443.966165127392,44.396616512739
18,17,478.732319408652,47.873231940865
18,18,499.816408530291,49.981640853029
18,19,470.544084607266,47.054408460727
18,20,242.997899333582,24.299789933358
18,21,733.475288648414,73.347528864841
18,22,592.298775385713,59.229877538571
18,23,346.608157888236,34.660815788824
18,24,567.057940451890,56.705794045189
18,25,458.564352080105,45.856435208010
18,26,541.237969771085,54.123796977109
18,27,30.829838893153,3.082983889315
18,28,122.704807961299,12.270480796130
18,29,596.738951014904,59.673895101490
18,30,463.654891891963,46.365489189196
18,31,377.084889905609,37.708488990561
18,32,155.473193484806,15.547319348481
18,33,448.335044869725,44.833504486972
18,34,1002.654494581339,100.265449458134
18,35,610.825655744305,61.082565574431
18,36,704.657180905237,70.465718090524
18,37,863.895903415309,86.389590341531
18,38,349.887701232510,34.988770123251
18,39,675.031885008774,67.503188500877
18,40,1023.233374438492,102.323337443849
18,41,184.885883292930,18.488588329293
18,42,1128.360677261179,112.836067726118
18,43,588.112958119190,58.811295811919
18,44,181.449448526867,18.144944852687
18,45,332.225005265988,33.222500526599
18,46,1045.132341146815,104.513234114682
18,47,2647.159417681896,264.715941768190
18,48,184.651153220778,18.465115322078
18,49,377.783279321430,37.778327932143
18,50,449.250559602285,44.925055960229
18,51,1799.810770232199,179.981077023220
18,52,414.189306451582,41.418930645158
18,53,859.607223114294,85.960722311429
18,54,369.337650854720,36.933765085472
18,55,1075.077625394511,107.507762539451
18,56,149.366501794510,14.936650179451
18,57,1692.771226735520,169.277122673552
18,58,1267.161830115580,126.716183011558
18,59,115.062185675325,11.506218567533
18,60,167.565839270813,16.756583927081
18,61,802.212415365937,80.221241536594
18,62,944.205897201597,94.420589720160
18,63,130.814462149449,13.081446214945
18,64,476.647471190224,47.664747119022
18,65,113.354524400424,11.335452440042
18,66,32.745114869802,3.274511486980
18,67,25.943878480385,2.594387848039
18,68,40.961139553293,4.096113955329
18,69,42.622057167275,4.262205716727
18,70,235.080885687404,23.508088568740
18,71,265.118105880025,26.511810588003
18,72,92.560745115147,9.256074511515
18,73,300.588315475399,30.058831547540
18,74,85.482891476910,8.548289147691
18,75,177.403592438423,17.740359243842
18,76,78.973853556619,7.897385355662
18,77,325.682983723490,32.568298372349
18,78,78.823842154187,7.882384215419
18,79,143.682863843449,14.368286384345
18,80,38.125829615682,3.812582961568
18,81,208.102778414979,20.810277841498
18,82,90.484395744159,9.048439574416
18,83,237.953158866262,23.795315886626
18,84,347.103654184219,34.710365418422
18,85,224.110627372834,22.411062737283
18,86,219.464725674660,21.946472567466
18,87,50.207143605103,5.020714360510
18,88,14.117462462994,1.411746246299
18,89,76.153517778784,7.615351777878
18,90,152.513301235913,15.251330123591
18,91,51.054195399953,5.105419539995
18,92,25.911434467539,2.591143446754
18,93,101.023371276736,10.102337127674
18,94,37.342451725462,3.734245172546
18,95,57.383071244750,5.738307124475
18,96,148.459620811730,14.845962081173
18,97,46.194068785356,4.619406878536
18,98,238.158345325884,23.815834532588
18,99,764.115859558103,76.411585955810
18,100,179.068826927295,17.906882692729
18,101,279.270440597991,27.927044059799
18,102,82.216231306136,8.221623130614
18,103,86.190319349532,8.619031934953
18,104,182.079307553807,18.207930755381
18,105,122.060244579265,12.206024457926
18,106,144.456056606975,14.445605660698
18,107,27.428546186743,2.742854618674
18,108,749.768860763060,74.976886076306
18,109,392.629956385007,39.262995638501
18,110,229.771062121361,22.977106212136
18,111,145.505259558790,14.550525955879
18,112,26.900201170892,2.690020117089
18,113,571.804007137749,57.180400713775
18,114,63.249839122792,6.324983912279
18,115,27.580783477791,2.758078347779
18,116,38.934973852903,3.893497385290
18,117,235.094848079627,23.509484807963
18,118,85.382389233374,8.538238923337
18,119,86.016160428183,8.601616042818
18,120,35.268665498940,3.526866549894
18,121,82.076539932738,8.207653993274
18,122,67.967508866014,6.796750886601
18,123,55.280011210380,5.528001121038
18,124,107.429883418386,10.742988341839
18,125,22.880043978278,2.288004397828
18,126,381.168316295832,38.116831629583
18,127,300.358441887499,30.035844188750
18,128,453.812012435421,45.381201243542
18,129,53.713727588130,5.371372758813
18,130,67.949431952412,6.794943195241
18,131,174.131333820526,17.413133382053
18,132,93.474438666113,9.347443866611
18,133,279.773963583224,27.977396358322
18,134,637.411264657578,63.741126465758
18,135,135.274738227347,13.527473822735
18,136,155.559463531438,15.555946353144
18,137,1851.290649967021,185.129064996702
18,138,40.005154118637,4.000515411864
18,139,42.443109212844,4.244310921284
18,140,49.081046319307,4.908104631931
18,141,51.016894902855,5.101689490286
18,142,69.321118948754,6.932111894875
18,143,99.669761193997,9.966976119400
18,144,45.849056049995,4.584905605000
18,145,142.420919900954,14.242091990095
18,146,41.654807387202,4.165480738720
18,147,56.465195721234,5.646519572123
18,148,305.709073411489,30.570907341149
18,149,1209.417018245271,120.941701824527
18,150,672.554740784704,67.255474078470
18,151,568.414788190797,56.841478819080
18,152,254.746611602951,25.474661160295
18,153,199.621738083936,19.962173808394
18,154,136.634553817742,13.663455381774
18,155,382.866939113932,38.286693911393
18,156,412.472471817539,41.247247181754
18,157,194.177686689277,19.417768668928
18,158,507.995200167854,50.799520016785
18,159,353.315030090601,35.331503009060
18,160,1008.351083157072,100.835108315707
18,161,166.270709352601,16.627070935260
18,162,59.995657418497,5.999565741850
18,163,63.103604985888,6.310360498589
18,164,53.069299108436,5.306929910844
18,165,1547.400734614706,154.740073461471
18,166,497.026965388388,49.702696538839
18,167,2065.208123956680,206.520812395668
18,168,131.518180207713,13.151818020771
18,169,37.064080746218,3.706408074622
18,170,162.866651148214,16.286665114821
18,171,45.592404347542,4.559240434754
18,172,480.835109638341,48.083510963834
18,173,49.895923905992,4.989592390599
18,174,361.814214786416,36.181421478642
18,175,164.046304663115,16.404630466312
18,176,475.371227599656,47.537122759966
18,177,607.811195498754,60.781119549875
18,178,687.043926646441,68.704392664644
18,179,366.712856019174,36.671285601917
18,180,342.984950832004,34.298495083200
18,181,310.937955573342,31.093795557334
18,182,561.346512618723,56.134651261872
18,183,253.936725402859,25.393672540286
18,184,501.732628823322,50.173262882332
18,185,286.732496101450,28.673249610145
18,186,429.370001709783,42.937000170978
18,187,59.342055579662,5.934205557966
18,188,54.197150124656,5.419715012466
18,189,98.931575587783,9.893157558778
18,190,177.521024925669,17.752102492567
18,191,247.071950011153,24.707195001115
18,192,123.413989564345,12.341398956434
18,193,35.202630803355,3.520263080336
19,1,62.523370872418,6.252337087242
19,2,75.567549350705,7.556754935071
19,3,346.582151821958,34.658215182196
19,4,80.385104871472,8.038510487147
19,5,90.772275463814,9.077227546381
19,6,77.232780807098,7.723278080710
19,7,521.128679269430,52.112867926943
19,8,1189.563178632580,118.956317863258
19,9,301.160850679286,30.116085067929
19,10,661.638505661206,66.163850566121
19,11,548.022867193466,54.802286719347
19,12,300.706721117867,30.070672111787
19,13,324.109131879159,32.410913187916
19,14,347.583080833069,34.758308083307
19,15,102.821850980009,10.282185098001
19,16,442.960585385185,44.296058538518
19,17,477.647994610615,47.764799461061
19,18,498.684328442394,49.868432844239
19,19,469.478306094256,46.947830609426
19,20,242.447511073931,24.244751107393
19,21,731.813973103203,73.181397310320
19,22,590.957223491346,59.095722349135
19,23,345.823093238194,34.582309323819
19,24,565.773558842736,56.577355884274
19,25,457.525707563539,45.752570756354
19,26,540.012070184888,54.001207018489
19,27,30.760009559565,3.076000955957
19,28,122.426882572273,12.242688257227
19,29,595.387342158958,59.538734215896
19,30,462.604717344252,46.260471734425
19,31,376.230795706173,37.623079570617
19,32,155.121047969889,15.512104796989
19,33,447.319569650542,44.731956965054
19,34,1000.383490330612,100.038349033061
19,35,609.442140617065,60.944214061706
19,36,703.061138138970,70.306113813897
19,37,861.939186241601,86.193918624160
19,38,349.095208443547,34.909520844355
19,39,673.502943296033,67.350294329603
19,40,1020.915759192767,102.091575919277
19,41,184.467118275542,18.446711827554
19,42,1125.804949532173,112.580494953217
19,43,586.780887066784,58.678088706678
19,44,181.038467006190,18.103846700619
19,45,331.472518339300,33.147251833930
19,46,1042.765124920144,104.276512492014
19,47,2641.163623195960,264.116362319596
19,48,184.232919865089,18.423291986509
19,49,376.927603275664,37.692760327566
19,50,448.233010749702,44.823301074970
19,51,1795.734213520198,179.573421352020
19,52,413.251171051361,41.325117105136
19,53,857.660219766482,85.766021976648
19,54,368.501104088533,36.850110408853
19,55,1072.642583343308,107.264258334331
19,56,149.028187886454,14.902818788645
19,57,1688.937113716327,168.893711371633
19,58,1264.291718907677,126.429171890768
19,59,114.801570763430,11.480157076343
19,60,167.186304011840,16.718630401184
19,61,800.395410789456,80.039541078946
19,62,942.067278547119,94.206727854712
19,63,130.518168459845,13.051816845984
19,64,475.567868556394,47.556786855639
19,65,113.097777327385,11.309777732739
19,66,32.670947451752,3.267094745175
19,67,25.885115807273,2.588511580727
19,68,40.868362906359,4.086836290636
19,69,42.525518555495,4.252551855549
19,70,234.548429399075,23.454842939908
19,71,264.517615532999,26.451761553300
19,72,92.351095782557,9.235109578256
19,73,299.907485393000,29.990748539300
19,74,85.289273425071,8.528927342507
19,75,177.001774748781,17.700177474878
19,76,78.794978422570,7.879497842257
19,77,324.945314422227,32.494531442223
19,78,78.645306794740,7.864530679474
19,79,143.357423328986,14.335742332899
19,80,38.039474922627,3.803947492263
19,81,207.631427319539,20.763142731954
19,82,90.279449325956,9.027944932596
19,83,237.414196902614,23.741419690261
19,84,346.317467239110,34.631746723911
19,85,223.603018630094,22.360301863009
19,86,218.967639861366,21.896763986137
19,87,50.093424834419,5.009342483442
19,88,14.085486525683,1.408548652568
19,89,75.981030682264,7.598103068226
19,90,152.167859852793,15.216785985279
19,91,50.938558063864,5.093855806386
19,92,25.852745279852,2.585274527985
19,93,100.794554164928,10.079455416493
19,94,37.257871376938,3.725787137694
19,95,57.253099056503,5.725309905650
19,96,148.123360981702,14.812336098170
19,97,46.089439596401,4.608943959640
19,98,237.618918616579,23.761891861658
19,99,762.385143369742,76.238514336974
19,100,178.663237495120,17.866323749512
19,101,278.637895328281,27.863789532828
19,102,82.030012212935,8.203001221293
19,103,85.995098979332,8.599509897933
19,104,181.666899407572,18.166689940757
19,105,121.783779121041,12.178377912104
19,106,144.128864817210,14.412886481721
19,107,27.366420753388,2.736642075339
19,108,748.070640409929,74.807064040993
19,109,391.740652736808,39.174065273681
19,110,229.250632540092,22.925063254009
19,111,145.175691332898,14.517569133290
19,112,26.839272434687,2.683927243469
19,113,570.508875726270,57.050887572627
19,114,63.106578753161,6.310657875316
19,115,27.518313228213,2.751831322821
19,116,38.846786454752,3.884678645475
19,117,234.562360166594,23.456236016659
19,118,85.188998818296,8.518899881830
19,119,85.821334526519,8.582133452652
19,120,35.188782259302,3.518878225930
19,121,81.890637239358,8.189063723936
19,122,67.813563012901,6.781356301290
19,123,55.154802435954,5.515480243595
19,124,107.186555608840,10.718655560884
19,125,22.828220865319,2.282822086532
19,126,380.304973168933,38.030497316893
19,127,299.678132466901,29.967813246690
19,128,452.784131929382,45.278413192938
19,129,53.592066433331,5.359206643333
19,130,67.795527043360,6.779552704336
19,131,173.736927769959,17.373692776996
19,132,93.262719825084,9.326271982508
19,133,279.140277838060,27.914027783806
19,134,635.967533343030,63.596753334303
19,135,134.968342048812,13.496834204881
19,136,155.207122615570,15.520712261557
19,137,1847.097491747386,184.709749174739
19,138,39.914542770914,3.991454277091
19,139,42.346975916721,4.234697591672
19,140,48.969878149790,4.896987814979
19,141,50.901342052088,5.090134205209
19,142,69.164107179846,6.916410717985
19,143,99.444009997983,9.944400999798
19,144,45.745208312071,4.574520831207
19,145,142.098337679226,14.209833767923
19,146,41.560459588284,4.156045958828
19,147,56.337302513559,5.633730251356
19,148,305.016644854138,30.501664485414
19,149,1206.677698565181,120.667769856518
19,150,671.031409783424,67.103140978342
19,151,567.127333332584,56.712733333258
19,152,254.169612605854,25.416961260585
19,153,199.169596475659,19.916959647566
19,154,136.325077667988,13.632507766799
19,155,381.999748620208,38.199974862021
19,156,411.538225033758,41.153822503376
19,157,193.737875812998,19.373787581300
19,158,506.844595183619,50.684459518362
19,159,352.514774429734,35.251477442973
19,160,1006.067176179692,100.606717617969
19,161,165.894107552327,16.589410755233
19,162,59.859767743880,5.985976774388
19,163,62.960675835385,6.296067583538
19,164,52.949097578887,5.294909757889
19,165,1543.895884574258,154.389588457426
19,166,495.901203366452,49.590120336645
19,167,2060.530444403564,206.053044440356
19,168,131.220292602447,13.122029260245
19,169,36.980130905691,3.698013090569
19,170,162.497759512004,16.249775951200
19,171,45.489137923631,4.548913792363
19,172,479.746022037588,47.974602203759
19,173,49.782910045388,4.978291004539
19,174,360.994708541549,36.099470854155
19,175,163.674741121317,16.367474112132
19,176,474.294515647147,47.429451564715
19,177,606.434508099378,60.643450809938
19,178,685.487777757384,68.548777775738
19,179,365.882254391877,36.588225439188
19,180,342.208092716387,34.220809271639
19,181,310.233683640551,31.023368364055
19,182,560.075067347018,56.007506734702
19,183,253.361560791398,25.336156079140
19,184,500.596208512094,50.059620851209
19,185,286.083049336899,28.608304933690
19,186,428.397482158644,42.839748215864
19,187,59.207646307877,5.920764630788
19,188,54.074394021755,5.407439402176
19,189,98.707496376145,9.870749637614
19,190,177.118941252401,17.711894125240
19,191,246.512334059952,24.651233405995
19,192,123.134457884774,12.313445788477
19,193,35.122897131763,3.512289713176
20,1,62.364933514852,6.236493351485
20,2,75.376057390662,7.537605739066
20,3,345.703895266880,34.570389526688
20,4,80.181404984121,8.018140498412
20,5,90.542253965228,9.054225396523
20,6,77.037069067027,7.703706906703
20,7,519.808113059655,51.980811305965
20,8,1186.548765876985,118.654876587699
20,9,300.397693979348,30.039769397935
20,10,659.961880504272,65.996188050427
20,11,546.634149762648,54.663414976265
20,12,299.944715205014,29.994471520501
20,13,323.287823083720,32.328782308372
20,14,346.702287873676,34.670228787368
20,15,102.561295252734,10.256129525273
20,16,441.838101045727,44.183810104573
20,17,476.437610636479,47.643761063648
20,18,497.420637343280,49.742063734328
20,19,468.288624520561,46.828862452056
20,20,241.833136921241,24.183313692124
20,21,729.959519792215,72.995951979221
20,22,589.459708248355,58.945970824836
20,23,344.946760175637,34.494676017564
20,24,564.339860269018,56.433986026902
20,25,456.366314473988,45.636631447399
20,26,538.643652515462,53.864365251546
20,27,30.682062152614,3.068206215261
20,28,122.116646711680,12.211664671168
20,29,593.878600773077,59.387860077308
20,30,461.432453789185,46.143245378918
20,31,375.277408000504,37.527740800050
20,32,154.727963454446,15.472796345445
20,33,446.186039426337,44.618603942634
20,34,997.848468393227,99.784846839323
20,35,607.897783666991,60.789778366699
20,36,701.279545953842,70.127954595384
20,37,859.754989114266,85.975498911427
20,38,348.210583676951,34.821058367695
20,39,671.796253059088,67.179625305909
20,40,1018.328707456318,101.832870745632
20,41,183.999669346131,18.399966934613
20,42,1122.952103326827,112.295210332683
20,43,585.293954869752,58.529395486975
20,44,180.579706451056,18.057970645106
20,45,330.632550353270,33.063255035327
20,46,1040.122705795116,104.012270579512
20,47,2634.470782110776,263.447078211078
20,48,183.766064406197,18.376606440620
20,49,375.972449824667,37.597244982467
20,50,447.097165819939,44.709716581994
20,51,1791.183732960507,179.118373296051
20,52,412.203971857861,41.220397185786
20,53,855.486865754800,85.548686575480
20,54,367.567303809096,36.756730380910
20,55,1069.924453240171,106.992445324017
20,56,148.650542984042,14.865054298404
20,57,1684.657262363804,168.465726236380
20,58,1261.087940283116,126.108794028312
20,59,114.510657825397,11.451065782540
20,60,166.762645532471,16.676264553247
20,61,798.367168675762,79.836716867576
20,62,939.680032815165,93.968003281517
20,63,130.187428875005,13.018742887500
20,64,474.362755726006,47.436275572601
20,65,112.811181887371,11.281118188737
20,66,32.588157632342,3.258815763234
20,67,25.819521625585,2.581952162558
20,68,40.764800425057,4.076480042506
20,69,42.417756758665,4.241775675866
20,70,233.954071915517,23.395407191552
20,71,263.847314628714,26.384731462871
20,72,92.117073474099,9.211707347410
20,73,299.147504783558,29.914750478356
20,74,85.073146128643,8.507314612864
20,75,176.553243374282,17.655324337428
20,76,78.595307995391,7.859530799539
20,77,324.121886698286,32.412188669829
20,78,78.446015642973,7.844601564297
20,79,142.994148428372,14.299414842837
20,80,37.943080985355,3.794308098535
20,81,207.105278869237,20.710527886924
20,82,90.050676673520,9.005067667352
20,83,236.812577420474,23.681257742047
20,84,345.439881408040,34.543988140804
20,85,223.036397366377,22.303639736638
20,86,218.412764879930,21.841276487993
20,87,49.966485583521,4.996648558352
20,88,14.049793196388,1.404979319639
20,89,75.788490939789,7.578849093979
20,90,151.782258864152,15.178225886415
20,91,50.809477202975,5.080947720298
20,92,25.787233126703,2.578723312670
20,93,100.539135709458,10.053913570946
20,94,37.163458062250,3.716345806225
20,95,57.108016832041,5.710801683204
20,96,147.748008956047,14.774800895605
20,97,45.972646644910,4.597264664491
20,98,237.016780359348,23.701678035935
20,99,760.453221180043,76.045322118004
20,100,178.210495890693,17.821049589069
20,101,277.931812926811,27.793181292681
20,102,81.822144047883,8.182214404788
20,103,85.777183085550,8.577718308555
20,104,181.206546373215,18.120654637321
20,105,121.475172916847,12.147517291685
20,106,143.763635045174,14.376363504517
20,107,27.297072870673,2.729707287067
20,108,746.174991888655,74.617499188865
20,109,390.747962275548,39.074796227555
20,110,228.669699939479,22.866969993948
20,111,144.807808849970,14.480780884997
20,112,26.771260372250,2.677126037225
20,113,569.063177622075,56.906317762207
20,114,62.946663517575,6.294666351757
20,115,27.448580442349,2.744858044235
20,116,38.748346749567,3.874834674957
20,117,233.967967381772,23.396796738177
20,118,84.973125622751,8.497312562275
20,119,85.603858960576,8.560385896058
20,120,35.099612120211,3.509961212021
20,121,81.683122257479,8.168312225748
20,122,67.641720043128,6.764172004313
20,123,55.015037400366,5.501503740037
20,124,106.914939501130,10.691493950113
20,125,22.770373008728,2.277037300873
20,126,379.341261293239,37.934126129324
20,127,298.918733049277,29.891873304928
20,128,451.636754230295,45.163675423029
20,129,53.456261449151,5.345626144915
20,130,67.623729777639,6.762372977764
20,131,173.296669681448,17.329666968145
20,132,93.026387415581,9.302638741558
20,133,278.432922374114,27.843292237411
20,134,634.355959717444,63.435595971744
20,135,134.626325500905,13.462632550091
20,136,154.813819982658,15.481381998266
20,137,1842.416854064611,184.241685406461
20,138,39.813397317673,3.981339731767
20,139,42.239666555893,4.223966655589
20,140,48.845786022540,4.884578602254
20,141,50.772355498440,5.077235549844
20,142,68.988841863419,6.898884186342
20,143,99.192013889167,9.919201388917
20,144,45.629287659919,4.562928765992
20,145,141.738253364796,14.173825336480
20,146,41.455143299278,4.145514329928
20,147,56.194540963468,5.619454096347
20,148,304.243717378379,30.424371737838
20,149,1203.619916757722,120.361991675772
20,150,669.330982536356,66.933098253636
20,151,565.690204226412,56.569020422641
20,152,253.525534059976,25.352553405998
20,153,198.664890729107,19.866489072911
20,154,135.979623083976,13.597962308398
20,155,381.031742098521,38.103174209852
20,156,410.495366531377,41.049536653138
20,157,193.246934319025,19.324693431903
20,158,505.560225559316,50.556022555932
20,159,351.621484311426,35.162148431143
20,160,1003.517751497308,100.351775149731
20,161,165.473723563594,16.547372356359
20,162,59.708080090231,5.970808009023
20,163,62.801130325110,6.280113032511
20,164,52.814921910031,5.281492191003
20,165,1539.983574970728,153.998357497073
20,166,494.644564845864,49.464456484586
20,167,2055.308956914316,205.530895691432
20,168,130.887773799815,13.088777379982
20,169,36.886421399287,3.688642139929
20,170,162.085982039544,16.208598203954
20,171,45.373866166686,4.537386616669
20,172,478.530321556729,47.853032155673
20,173,49.656757654538,4.965675765454
20,174,360.079929844901,36.007992984490
20,175,163.259981118430,16.325998111843
20,176,473.092629556895,47.309262955689
20,177,604.897772640948,60.489777264095
20,178,683.750717348831,68.375071734883
20,179,364.955090408916,36.495509040892
20,180,341.340920246458,34.134092024646
20,181,309.447535926854,30.944753592685
20,182,558.655809036550,55.865580903655
20,183,252.719529889344,25.271952988934
20,184,499.327672612996,49.932767261300
20,185,285.358100541770,28.535810054177
20,186,427.311901453155,42.731190145316
20,187,59.057611162653,5.905761116265
20,188,53.937366795276,5.393736679528
20,189,98.457366629786,9.845736662979
20,190,176.670112972105,17.667011297211
20,191,245.887659441950,24.588765944195
20,192,122.822428992851,12.282242899285
20,193,35.033893948890,3.503389394889
21,1,61.715286166345,6.171528616635
21,2,74.590874867969,7.459087486797
21,3,342.102743044451,34.210274304445
21,4,79.346165784595,7.934616578459
21,5,89.599087158158,8.959908715816
21,6,76.234584003137,7.623458400314
21,7,514.393339991690,51.439333999169
21,8,1174.188642708690,117.418864270869
21,9,297.268490524897,29.726849052490
21,10,653.087143987746,65.308714398775
21,11,540.939933382027,54.093993338203
21,12,296.820230371158,29.682023037116
21,13,319.920176150834,31.992017615083
21,14,343.090735526157,34.309073552616
21,15,101.492927665931,10.149292766593
21,16,437.235531386203,43.723553138620
21,17,471.474622414817,47.147462241482
21,18,492.239071679208,49.223907167921
21,19,463.410523220521,46.341052322052
21,20,239.313992791237,23.931399279124
21,21,722.355627030308,72.235562703031
21,22,583.319383631092,58.331938363109
21,23,341.353494930340,34.135349493034
21,24,558.461205819828,55.846120581983
21,25,451.612406317006,45.161240631701
21,26,533.032672098664,53.303267209866
21,27,30.362451127623,3.036245112762
21,28,120.844573588633,12.084457358863
21,29,587.692245130842,58.769224513084
21,30,456.625772322142,45.662577232214
21,31,371.368192367267,37.136819236727
21,32,153.116182513893,15.311618251389
21,33,441.538177861871,44.153817786187
21,34,987.454011521899,98.745401152190
21,35,601.565392031739,60.156539203174
21,36,693.974408725040,69.397440872504
21,37,850.799033939381,85.079903393938
21,38,344.583319609494,34.458331960949
21,39,664.798239432844,66.479823943284
21,40,1007.720910615647,100.772091061565
21,41,182.082968877135,18.208296887713
21,42,1111.254458267159,111.125445826716
21,43,579.197024360113,57.919702436011
21,44,178.698631287845,17.869863128785
21,45,327.188394357884,32.718839435788
21,46,1029.287883726706,102.928788372671
21,47,2607.027844840432,260.702784484043
21,48,181.851797369279,18.185179736928
21,49,372.055994031732,37.205599403173
21,50,442.439813171103,44.243981317110
21,51,1772.525206490188,177.252520649019
21,52,407.910097042814,40.791009704281
21,53,846.575371062230,84.657537106223
21,54,363.738403321925,36.373840332192
21,55,1058.779190269841,105.877919026984
21,56,147.102069736962,14.710206973696
21,57,1667.108408192782,166.710840819278
21,58,1247.951352292625,124.795135229262
21,59,113.317815292913,11.331781529291
21,60,165.025500884118,16.502550088412
21,61,790.050682390377,79.005068239038
21,62,929.891508922682,92.989150892268
21,63,128.831283470674,12.883128347067
21,64,469.421380996336,46.942138099634
21,65,111.636042573263,11.163604257326
21,66,32.248691060257,3.224869106026
21,67,25.550563048730,2.555056304873
21,68,40.340158835368,4.034015883537
21,69,41.975896539231,4.197589653923
21,70,231.517002974265,23.151700297427
21,71,261.098851691310,26.109885169131
21,72,91.157501978358,9.115750197836
21,73,296.031324386303,29.603132438630
21,74,84.186950301970,8.418695030197
21,75,174.714111349855,17.471411134986
21,76,77.776590960567,7.777659096057
21,77,320.745551433911,32.074555143391
21,78,77.628853767041,7.762885376704
21,79,141.504597102924,14.150459710292
21,80,37.547832877691,3.754783287769
21,81,204.947890290491,20.494789029049
21,82,89.112630562747,8.911263056275
21,83,234.345731801570,23.434573180157
21,84,341.841479383417,34.184147938342
21,85,220.713056411718,22.071305641172
21,86,216.137587699624,21.613758769962
21,87,49.445991244088,4.944599124409
21,88,13.903438339858,1.390343833986
21,89,74.999012150804,7.499901215080
21,90,150.201162942707,15.020116294271
21,91,50.280201530196,5.028020153020
21,92,25.518610894914,2.551861089491
21,93,99.491832693906,9.949183269391
21,94,36.776331184520,3.677633118452
21,95,56.513130096460,5.651313009646
21,96,146.208937287789,14.620893728779
21,97,45.493755602885,4.549375560289
21,98,234.547807585162,23.454780758516
21,99,752.531679522574,75.253167952257
21,100,176.354100483747,17.635410048375
21,101,275.036633614375,27.503663361438
21,102,80.969813484310,8.096981348431
21,103,84.883653398059,8.488365339806
21,104,179.318941500591,17.931894150059
21,105,120.209781942349,12.020978194235
21,106,142.266068078370,14.226606807837
21,107,27.012722835918,2.701272283592
21,108,738.402184676615,73.840218467661
21,109,386.677591903609,38.667759190361
21,110,226.287677609347,22.628767760935
21,111,143.299364861328,14.329936486133
21,112,26.492387657460,2.649238765746
21,113,563.135320994326,56.313532099433
21,114,62.290956363781,6.229095636378
21,115,27.162652173053,2.716265217305
21,116,38.344710293851,3.834471029385
21,117,231.530753693267,23.153075369327
21,118,84.087971696595,8.408797169659
21,119,84.712134767805,8.471213476781
21,120,34.733984055489,3.473398405549
21,121,80.832239865698,8.083223986570
21,122,66.937105100117,6.693710510012
21,123,54.441952957542,5.444195295754
21,124,105.801220572108,10.580122057211
21,125,22.533177013864,2.253317701386
21,126,375.389713032232,37.538971303223
21,127,295.804935737230,29.580493573723
21,128,446.932113283245,44.693211328325
21,129,52.899414571358,5.289941457136
21,130,66.919302236868,6.691930223687
21,131,171.491460958876,17.149146095888
21,132,92.057343715546,9.205734371555
21,133,275.532523070163,27.553252307016
21,134,627.747956725797,62.774795672580
21,135,133.223940691498,13.322394069150
21,136,153.201144685890,15.320114468589
21,137,1823.224638878452,182.322463887845
21,138,39.398666369610,3.939866636961
21,139,41.799661478788,4.179966147879
21,140,48.336965863729,4.833696586373
21,141,50.243466517597,5.024346651760
21,142,68.270194128752,6.827019412875
21,143,98.158743665271,9.815874366527
21,144,45.153973343494,4.515397334349
21,145,140.261784533822,14.026178453382
21,146,41.023310498239,4.102331049824
21,147,55.609169786431,5.560916978643
21,148,301.074450401646,30.107445040165
21,149,1191.081965645410,119.108196564541
21,150,662.358649310430,66.235864931043
21,151,559.797483420985,55.979748342098
21,152,250.884591759578,25.088459175958
21,153,196.595424568723,19.659542456872
21,154,134.563141150801,13.456314115080
21,155,377.062584320259,37.706258432026
21,156,406.219290034351,40.621929003435
21,157,191.233906301324,19.123390630132
21,158,500.293870870315,50.029387087031
21,159,347.958689338565,34.795868933857
21,160,993.064238446025,99.306423844603
21,161,163.750005446665,16.375000544666
21,162,59.086108836051,5.908610883605
21,163,62.146939171531,6.214693917153
21,164,52.264755782262,5.226475578226
21,165,1523.941767662688,152.394176766269
21,166,489.491917165594,48.949191716559
21,167,2033.899072561533,203.389907256153
21,168,129.524332994081,12.952433299408
21,169,36.502180376209,3.650218037621
21,170,160.397553582596,16.039755358260
21,171,44.901212542519,4.490121254252
21,172,473.545533839358,47.354553383936
21,173,49.139489710397,4.913948971040
21,174,356.329024352176,35.632902435218
21,175,161.559323266760,16.155932326676
21,176,468.164485565261,46.816448556526
21,177,598.596631727836,59.859663172784
21,178,676.628175632987,67.662817563299
21,179,361.153401006781,36.115340100678
21,180,337.785216563679,33.778521656368
21,181,306.224061453510,30.622406145351
21,182,552.836364604975,55.283636460497
21,183,250.086983628882,25.008698362888
21,184,494.126241612160,49.412624161216
21,185,282.385562563391,28.238556256339
21,186,422.860649313227,42.286064931323
21,187,58.442415758142,5.844241575814
21,188,53.375508306071,5.337550830607
21,189,97.431749130221,9.743174913022
21,190,174.829763532377,17.482976353238
21,191,243.326279881608,24.332627988161
21,192,121.543003828172,12.154300382817
21,193,34.668950461756,3.466895046176
22,1,59.611912329893,5.961191232989
22,2,72.048676583212,7.204867658321
22,3,330.443233645778,33.044323364578
22,4,76.641898179251,7.664189817925
22,5,86.545380574176,8.654538057418
22,6,73.636364997997,7.363636499800
22,7,496.861840744201,49.686184074420
22,8,1134.170069944138,113.417006994414
22,9,287.137017364642,28.713701736464
22,10,630.828697224903,63.082869722490
22,11,522.503675954632,52.250367595463
22,12,286.704034765912,28.670403476591
22,13,309.016690643935,30.901669064393
22,14,331.397553472528,33.139755347253
22,15,98.033856471445,9.803385647144
22,16,422.333716386816,42.233371638682
22,17,455.405874347026,45.540587434703
22,18,475.462631854251,47.546263185425
22,19,447.616614926042,44.761661492604
22,20,231.157718675011,23.115771867501
22,21,697.736379176309,69.773637917631
22,22,563.438754275860,56.343875427586
22,23,329.719521326413,32.971952132641
22,24,539.427790243839,53.942779024384
22,25,436.220600191305,43.622060019131
22,26,514.865909111537,51.486590911154
22,27,29.327641289097,2.932764128910
22,28,116.725961650605,11.672596165060
22,29,567.662580373842,56.766258037384
22,30,441.063101188065,44.106310118807
22,31,358.711261029210,35.871126102921
22,32,147.897693023800,14.789769302380
22,33,426.489720521719,42.648972052172
22,34,953.799708648914,95.379970864891
22,35,581.062904153707,58.106290415371
22,36,670.322446542682,67.032244654268
22,37,821.802191516199,82.180219151620
22,38,332.839267463467,33.283926746347
22,39,642.140656357337,64.214065635734
22,40,973.375873437632,97.337587343763
22,41,175.877236446964,17.587723644696
22,42,1073.380801700775,107.338080170078
22,43,559.456892816261,55.945689281626
22,44,172.608243492387,17.260824349239
22,45,316.037194209053,31.603719420905
22,46,994.207803258913,99.420780325891
22,47,2518.175398382352,251.817539838235
22,48,175.653943701917,17.565394370192
22,49,359.375621110308,35.937562111031
22,50,427.360626391986,42.736062639199
22,51,1712.114190429519,171.211419042952
22,52,394.007748385918,39.400774838592
22,53,817.722479069187,81.772247906919
22,54,351.341509644754,35.134150964475
22,55,1022.693990220841,102.269399022084
22,56,142.088552600563,14.208855260056
22,57,1610.290196269222,161.029019626922
22,58,1205.418806684675,120.541880668468
22,59,109.455729532691,10.945572953269
22,60,159.401119268654,15.940111926865
22,61,763.124258840591,76.312425884059
22,62,898.199045157135,89.819904515714
22,63,124.440469333664,12.444046933366
22,64,453.422611284765,45.342261128476
22,65,107.831274812472,10.783127481247
22,66,31.149594592436,3.114959459244
22,67,24.679751469270,2.467975146927
22,68,38.965289821168,3.896528982117
22,69,40.545278486123,4.054527848612
22,70,223.626465037887,22.362646503789
22,71,252.200108324958,25.220010832496
22,72,88.050681665788,8.805068166579
22,73,285.942016191147,28.594201619115
22,74,81.317699592209,8.131769959221
22,75,168.759523540251,16.875952354025
22,76,75.125817437878,7.512581743788
22,77,309.813935574168,30.981393557417
22,78,74.983115407710,7.498311540771
22,79,136.681852435067,13.668185243507
22,80,36.268131620574,3.626813162057
22,81,197.962878034189,19.796287803419
22,82,86.075503340848,8.607550334085
22,83,226.358785429368,22.635878542937
22,84,330.190874345125,33.019087434512
22,85,213.190737436018,21.319073743602
22,86,208.771209363210,20.877120936321
22,87,47.760778215667,4.776077821567
22,88,13.429582829216,1.342958282922
22,89,72.442903774468,7.244290377447
22,90,145.082022840418,14.508202284042
22,91,48.566557035295,4.856655703530
22,92,24.648888305372,2.464888830537
22,93,96.100962605983,9.610096260598
22,94,35.522924166269,3.552292416627
22,95,54.587055591344,5.458705559134
22,96,141.225859796781,14.122585979678
22,97,43.943242250340,4.394324225034
22,98,226.553974087539,22.655397408754
22,99,726.883974648566,72.688397464857
22,100,170.343618738450,17.034361873845
22,101,265.662864243021,26.566286424302
22,102,78.210208890300,7.821020889030
22,103,81.990657727283,8.199065772728
22,104,173.207412358264,17.320741235826
22,105,116.112804905871,11.611280490587
22,106,137.417371037503,13.741737103750
22,107,26.092078081695,2.609207808170
22,108,713.236039747110,71.323603974711
22,109,373.498887234554,37.349888723455
22,110,218.575364985337,21.857536498534
22,111,138.415451109116,13.841545110912
22,112,25.589476911593,2.558947691159
22,113,543.942602720784,54.394260272078
22,114,60.167962596726,6.016796259673
22,115,26.236897543066,2.623689754307
22,116,37.037849945168,3.703784994517
22,117,223.639747106343,22.363974710634
22,118,81.222094365163,8.122209436516
22,119,81.824984776791,8.182498477679
22,120,33.550184095441,3.355018409544
22,121,78.077324041164,7.807732404116
22,122,64.655761784687,6.465576178469
22,123,52.586468091967,5.258646809197
22,124,102.195314595811,10.219531459581
22,125,21.765203665165,2.176520366517
22,126,362.595720653470,36.259572065347
22,127,285.723343295997,28.572334329600
22,128,431.699820408242,43.169982040824
22,129,51.096502335431,5.109650233543
22,130,64.638565676735,6.463856567673
22,131,165.646707178044,16.564670717804
22,132,88.919855092343,8.891985509234
22,133,266.141852846981,26.614185284698
22,134,606.353117455270,60.635311745527
22,135,128.683416477055,12.868341647706
22,136,147.979759524063,14.797975952406
22,137,1761.085690141249,176.108569014125
22,138,38.055885201755,3.805588520175
22,139,40.375049850316,4.037504985032
22,140,46.689550520677,4.668955052068
22,141,48.531074021499,4.853107402150
22,142,65.943416614460,6.594341661446
22,143,94.813307776210,9.481330777621
22,144,43.615040413870,4.361504041387
22,145,135.481397272109,13.548139727211
22,146,39.625158381532,3.962515838153
22,147,53.713903960710,5.371390396071
22,148,290.813262920603,29.081326292060
22,149,1150.487636440548,115.048763644055
22,150,639.784212086686,63.978421208669
22,151,540.718524973544,54.071852497354
22,152,242.333969716706,24.233396971671
22,153,189.895080163132,18.989508016313
22,154,129.976974448364,12.997697444836
22,155,364.211577319713,36.421157731971
22,156,392.374567282559,39.237456728256
22,157,184.716292592581,18.471629259258
22,158,483.242908233768,48.324290823377
22,159,336.099598199486,33.609959819949
22,160,959.218728414137,95.921872841414
22,161,158.169095131397,15.816909513140
22,162,57.072342342470,5.707234234247
22,163,60.028853783145,6.002885378314
22,164,50.483473919861,5.048347391986
22,165,1472.002945994763,147.200294599476
22,166,472.809105569356,47.280910556936
22,167,1964.579940123585,196.457994012358
22,168,125.109898416732,12.510989841673
22,169,35.258116936726,3.525811693673
22,170,154.930901176137,15.493090117614
22,171,43.370894179701,4.337089417970
22,172,457.406205188076,45.740620518808
22,173,47.464722834734,4.746472283473
22,174,344.184656343077,34.418465634308
22,175,156.053075549164,15.605307554916
22,176,452.208553230443,45.220855323044
22,177,578.195324823559,57.819532482356
22,178,653.567405926809,65.356740592681
22,179,348.844609104302,34.884460910430
22,180,326.272856644527,32.627285664453
22,181,295.787365474861,29.578736547486
22,182,533.994654270596,53.399465427060
22,183,241.563545581710,24.156354558171
22,184,477.285483461737,47.728548346174
22,185,272.761327775161,27.276132777516
22,186,408.448757519784,40.844875751978
22,187,56.450587543761,5.645058754376
22,188,51.556369893981,5.155636989398
22,189,94.111090591785,9.411109059179
22,190,168.871234077357,16.887123407736
22,191,235.033259422385,23.503325942239
22,192,117.400588064808,11.740058806481
22,193,33.487366969751,3.348736696975
23,1,58.081539107616,5.808153910762
23,2,70.199023367372,7.019902336737
23,3,321.960005101535,32.196000510153
23,4,74.674326529665,7.467432652966
23,5,84.323564031713,8.432356403171
23,6,71.745952213468,7.174595221347
23,7,484.106268468012,48.410626846801
23,8,1105.053347518857,110.505334751886
23,9,279.765557780066,27.976555778007
23,10,614.633891382510,61.463389138251
23,11,509.089819512706,50.908981951271
23,12,279.343690828342,27.934369082834
23,13,301.083530137679,30.108353013768
23,14,322.889825370205,32.288982537021
23,15,95.517104651941,9.551710465194
23,16,411.491450383907,41.149145038391
23,17,443.714570912386,44.371457091239
23,18,463.256425887296,46.325642588730
23,19,436.125279477217,43.612527947722
23,20,225.223374867602,22.522337486760
23,21,679.823901130139,67.982390113014
23,22,548.974001372705,54.897400137270
23,23,321.254872121616,32.125487212162
23,24,525.579453338082,52.557945333808
23,25,425.021826331416,42.502182633142
23,26,501.648131496776,50.164813149678
23,27,28.574734107509,2.857473410751
23,28,113.729341024412,11.372934102441
23,29,553.089392258608,55.308939225861
23,30,429.740009325873,42.974000932587
23,31,349.502327999683,34.950232799968
23,32,144.100823233958,14.410082323396
23,33,415.540760450609,41.554076045061
23,34,929.313503182910,92.931350318291
23,35,566.145699282744,56.614569928274
23,36,653.113746429145,65.311374642915
23,37,800.704662201179,80.070466220118
23,38,324.294527287556,32.429452728756
23,39,625.655446824286,62.565544682429
23,40,948.387103346261,94.838710334626
23,41,171.362068210507,17.136206821051
23,42,1045.824677898914,104.582467789891
23,43,545.094363343196,54.509436334320
23,44,168.176997731925,16.817699773192
23,45,307.923801426344,30.792380142634
23,46,968.684230200806,96.868423020081
23,47,2453.528114843579,245.352811484358
23,48,171.144507897526,17.114450789753
23,49,350.149632448134,35.014963244813
23,50,416.389308188568,41.638930818857
23,51,1668.160329395630,166.816032939563
23,52,383.892674335580,38.389267433558
23,53,796.729685241412,79.672968524141
23,54,342.321774876662,34.232177487666
23,55,996.439112025431,99.643911202543
23,56,138.440816643217,13.844081664322
23,57,1568.950388500154,156.895038850015
23,58,1174.472967316706,117.447296731671
23,59,106.645752282263,10.664575228226
23,60,155.308930392383,15.530893039238
23,61,743.533125368206,74.353312536821
23,62,875.140235042546,87.514023504255
23,63,121.245799768597,12.124579976860
23,64,441.782222718723,44.178222271872
23,65,105.063001005323,10.506300100532
23,66,30.349913730242,3.034991373024
23,67,24.046166178935,2.404616617893
23,68,37.964962305913,3.796496230591
23,69,39.504389072251,3.950438907225
23,70,217.885465621657,21.788546562166
23,71,245.725558568866,24.572555856887
23,72,85.790220624398,8.579022062440
23,73,278.601235001627,27.860123500163
23,74,79.230089497362,7.923008949736
23,75,164.427083164897,16.442708316490
23,76,73.197167025318,7.319716702532
23,77,301.860307979287,30.186030797929
23,78,73.058128480470,7.305812848047
23,79,133.172918754494,13.317291875449
23,80,35.337046284023,3.533704628402
23,81,192.880721201647,19.288072120165
23,82,83.865749614482,8.386574961448
23,83,220.547641141109,22.054764114111
23,84,321.714124437467,32.171412443747
23,85,207.717646856339,20.771764685634
23,86,203.411578109920,20.341157810992
23,87,46.534650530787,4.653465053079
23,88,13.084814927216,1.308481492722
23,89,70.583129850980,7.058312985098
23,90,141.357437701127,14.135743770113
23,91,47.319743177460,4.731974317746
23,92,24.016095342571,2.401609534257
23,93,93.633832563362,9.363383256336
23,94,34.610969998113,3.461096999811
23,95,53.185681857557,5.318568185756
23,96,137.600271123667,13.760027112367
23,97,42.815119386780,4.281511938678
23,98,220.737818862974,22.073781886297
23,99,708.223211605974,70.822321160597
23,100,165.970511040440,16.597051104044
23,101,258.842694956373,25.884269495637
23,102,76.202375141703,7.620237514170
23,103,79.885771268210,7.988577126821
23,104,168.760784571758,16.876078457176
23,105,113.131925406352,11.313192540635
23,106,133.889554923375,13.388955492337
23,107,25.422235158543,2.542223515854
23,108,694.925650200288,69.492565020029
23,109,363.910322244213,36.391032224421
23,110,212.964038783090,21.296403878309
23,111,134.862012012003,13.486201201200
23,112,24.932536902340,2.493253690234
23,113,529.978360321506,52.997836032151
23,114,58.623314300805,5.862331430081
23,115,25.563336775324,2.556333677532
23,116,36.087004190496,3.608700419050
23,117,217.898406709240,21.789840670924
23,118,79.136938673700,7.913693867370
23,119,79.724351518750,7.972435151875
23,120,32.688874646787,3.268887464679
23,121,76.072901748546,7.607290174855
23,122,62.995901487745,6.299590148775
23,123,51.236453984440,5.123645398444
23,124,99.571728691805,9.957172869181
23,125,21.206441438545,2.120644143854
23,126,353.287064720254,35.328706472025
23,127,278.388175936500,27.838817593650
23,128,420.617105236179,42.061710523618
23,129,49.784739033939,4.978473903394
23,130,62.979146842952,6.297914684295
23,131,161.394179870739,16.139417987074
23,132,86.637080394412,8.663708039441
23,133,259.309386834651,25.930938683465
23,134,590.786655351824,59.078665535182
23,135,125.379820819233,12.537982081923
23,136,144.180782900712,14.418078290071
23,137,1715.874619451029,171.587461945103
23,138,37.078904169164,3.707890416916
23,139,39.338530592268,3.933853059227
23,140,45.490923684458,4.549092368446
23,141,47.285171093242,4.728517109324
23,142,64.250499292605,6.425049929261
23,143,92.379234758502,9.237923475850
23,144,42.495343237096,4.249534323710
23,145,132.003282002893,13.200328200289
23,146,38.607890541172,3.860789054117
23,147,52.334946013002,5.233494601300
23,148,283.347425760514,28.334742576051
23,149,1120.952005011298,112.095200501130
23,150,623.359497831687,62.335949783169
23,151,526.837051974845,52.683705197485
23,152,236.112706153645,23.611270615364
23,153,185.020042031233,18.502004203123
23,154,126.640170218574,12.664017021857
23,155,354.861438674797,35.486143867480
23,156,382.301420701581,38.230142070158
23,157,179.974205703346,17.997420570335
23,158,470.836964896081,47.083696489608
23,159,327.471157926411,32.747115792641
23,160,934.593404399247,93.459340439925
23,161,154.108535113775,15.410853511378
23,162,55.607165651440,5.560716565144
23,163,58.487776726511,5.848777672651
23,164,49.187448450541,4.918744845054
23,165,1434.213286116121,143.421328611612
23,166,460.671021650702,46.067102165070
23,167,1914.144709716147,191.414470971615
23,168,121.898043086222,12.189804308622
23,169,34.352960971770,3.435296097177
23,170,150.953472954224,15.095347295422
23,171,42.257464791436,4.225746479144
23,172,445.663548716178,44.566354871618
23,173,46.246195564093,4.624619556409
23,174,335.348654258949,33.534865425895
23,175,152.046838561619,15.204683856162
23,176,440.599332292884,44.059933229288
23,177,563.351737228877,56.335173722888
23,178,636.788845771788,63.678884577179
23,179,339.888975445811,33.988897544581
23,180,317.896691152618,31.789669115262
23,181,288.193831801502,28.819383180150
23,182,520.285798308856,52.028579830886
23,183,235.362060556527,23.536206055653
23,184,465.032480752667,46.503248075267
23,185,265.758924802588,26.575892480259
23,186,397.962949956338,39.796294995634
23,187,55.001372710983,5.500137271098
23,188,50.232800747484,5.023280074748
23,189,91.695045084574,9.169504508457
23,190,164.535925838719,16.453592583872
23,191,228.999421679120,22.899942167912
23,192,114.386648245874,11.438664824587
23,193,32.627670179428,3.262767017943
24,1,55.688356022432,5.568835602243
24,2,67.306553265847,6.730655326585
24,3,308.694013012595,30.869401301260
24,4,71.597456703312,7.159745670331
24,5,80.849108460738,8.084910846074
24,6,68.789742686209,6.878974268621
24,7,464.159225897686,46.415922589769
24,8,1059.520894003651,105.952089400365
24,9,268.238139413000,26.823813941300
24,10,589.308608081862,58.930860808186
24,11,488.113358426848,48.811335842685
24,12,267.833655004311,26.783365500431
24,13,288.677729213254,28.867772921325
24,14,309.585521105428,30.958552110543
24,15,91.581432100714,9.158143210071
24,16,394.536417960741,39.453641796074
24,17,425.431821831131,42.543182183113
24,18,444.168477124738,44.416847712474
24,19,418.155238429707,41.815523842971
24,20,215.943304480302,21.594330448030
24,21,651.812538378980,65.181253837898
24,22,526.354158398895,52.635415839890
24,23,308.017934226940,30.801793422694
24,24,503.923555836487,50.392355583649
24,25,407.509290313282,40.750929031328
24,26,480.978296615363,48.097829661536
24,27,27.397345020022,2.739734502002
24,28,109.043254198708,10.904325419871
24,29,530.299979331792,53.029997933179
24,30,412.033065998487,41.203306599849
24,31,335.101486140933,33.510148614093
24,32,138.163314379626,13.816331437963
24,33,398.418880858667,39.841888085867
24,34,891.022208034368,89.102220803437
24,35,542.818316226257,54.281831622626
24,36,626.202944913366,62.620294491337
24,37,767.712546578036,76.771254657804
24,38,310.932343894230,31.093234389423
24,39,599.876032995058,59.987603299506
24,40,909.309902417916,90.930990241792
24,41,164.301291079174,16.430129107917
24,42,1002.732673663639,100.273267366364
24,43,522.634376396818,52.263437639682
24,44,161.247457770122,16.124745777012
24,45,295.236154982713,29.523615498271
24,46,928.770709481139,92.877070948114
24,47,2352.433307893130,235.243330789313
24,48,164.092695088920,16.409269508892
24,49,335.722119153316,33.572211915332
24,50,399.232465162036,39.923246516204
24,51,1599.425699683267,159.942569968327
24,52,368.074817769416,36.807481776942
24,53,763.901353976781,76.390135397678
24,54,328.216799459130,32.821679945913
24,55,955.381983289611,95.538198328961
24,56,132.736521857298,13.273652185730
24,57,1504.303590413487,150.430359041349
24,58,1126.080158128549,112.608015812855
24,59,102.251536591872,10.225153659187
24,60,148.909604360328,14.890960436033
24,61,712.896697232083,71.289669723208
24,62,839.081087164456,83.908108716446
24,63,116.250005896498,11.625000589650
24,64,423.579093824585,42.357909382459
24,65,100.734000762770,10.073400076277
24,66,29.099380406022,2.909938040602
24,67,23.055371529772,2.305537152977
24,68,36.400659654569,3.640065965457
24,69,37.876656109749,3.787665610975
24,70,208.907745353824,20.890774535382
24,71,235.600719258478,23.560071925848
24,72,82.255333153662,8.225533315366
24,73,267.121791216879,26.712179121688
24,74,75.965504692344,7.596550469234
24,75,157.652054124303,15.765205412430
24,76,70.181161859135,7.018116185913
24,77,289.422500816390,28.942250081639
24,78,70.047852237777,7.004785223778
24,79,127.685681648441,12.768568164844
24,80,33.881023892973,3.388102389297
24,81,184.933292698025,18.493329269803
24,82,80.410157760556,8.041015776056
24,83,211.460228989747,21.146022898975
24,84,308.458263578782,30.845826357878
24,85,199.158879878247,19.915887987825
24,86,195.030237746996,19.503023774700
24,87,44.617243722422,4.461724372242
24,88,12.545670162154,1.254567016215
24,89,67.674833083124,6.767483308312
24,90,135.532966895616,13.553296689562
24,91,45.369987528634,4.536998752863
24,92,23.026539727670,2.302653972767
24,93,89.775758074728,8.977575807473
24,94,33.184864746187,3.318486474619
24,95,50.994226945185,5.099422694518
24,96,131.930610050122,13.193061005012
24,97,41.050971585586,4.105097158559
24,98,211.642570657090,21.164257065709
24,99,679.041687896515,67.904168789652
24,100,159.131886827580,15.913188682758
24,101,248.177379112288,24.817737911229
24,102,73.062543827968,7.306254382797
24,103,76.594169849180,7.659416984918
24,104,161.807190343972,16.180719034397
24,105,108.470454404778,10.847045440478
24,106,128.372789647374,12.837278964737
24,107,24.374741168132,2.437474116813
24,108,666.292037230098,66.629203723010
24,109,348.915815536920,34.891581553692
24,110,204.189100253585,20.418910025359
24,111,129.305177758986,12.930517775899
24,112,23.905220365930,2.390522036593
24,113,508.141210911856,50.814121091186
24,114,56.207807991267,5.620780799127
24,115,24.510028854915,2.451002885492
24,116,34.600080645586,3.460008064559
24,117,208.920153218762,20.892015321876
24,118,75.876192041344,7.587619204134
24,119,76.439401215032,7.643940121503
24,120,31.341967125389,3.134196712539
24,121,72.938405237215,7.293840523722
24,122,60.400227747125,6.040022774712
24,123,49.125314766982,4.912531476698
24,124,95.468990015643,9.546899001564
24,125,20.332654384561,2.033265438456
24,126,338.730277133468,33.873027713347
24,127,266.917511005733,26.691751100573
24,128,403.286060689898,40.328606068990
24,129,47.733416063044,4.773341606304
24,130,60.384163458220,6.038416345822
24,131,154.744118125676,15.474411812568
24,132,83.067299039865,8.306729903987
24,133,248.624841487935,24.862484148793
24,134,566.443970012145,56.644397001214
24,135,120.213689359594,12.021368935959
24,136,138.239979400182,13.823997940018
24,137,1645.173977239054,164.517397723905
24,138,35.551110525293,3.555111052529
24,139,37.717631637869,3.771763163787
24,140,43.616522441588,4.361652244159
24,141,45.336839947424,4.533683994742
24,142,61.603131290926,6.160313129093
24,143,88.572854530927,8.857285453093
24,144,40.744371444738,4.074437144474
24,145,126.564238435316,12.656423843532
24,146,37.017096770597,3.701709677060
24,147,50.178544693638,5.017854469364
24,148,271.672420638760,27.167242063876
24,149,1074.764465581142,107.476446558114
24,150,597.674685942731,59.767468594273
24,151,505.129336566361,50.512933656636
24,152,226.383953382180,22.638395338218
24,153,177.396503781172,17.739650378117
24,154,121.422107510035,12.142210751003
24,155,340.239780818118,34.023978081812
24,156,366.549129913108,36.654912991311
24,157,172.558575341678,17.255857534168
24,158,451.436668733451,45.143666873345
24,159,313.978085117453,31.397808511745
24,160,896.084556987515,89.608455698752
24,161,147.758669989961,14.775866998996
24,162,53.315936281545,5.331593628154
24,163,56.077855086993,5.607785508699
24,164,47.160736151868,4.716073615187
24,165,1375.118175524767,137.511817552477
24,166,441.689601499169,44.168960149917
24,167,1835.274576240496,183.527457624050
24,168,116.875374277626,11.687537427763
24,169,32.937486685330,3.293748668533
24,170,144.733608541633,14.473360854163
24,171,40.516294507118,4.051629450712
24,172,427.300494243829,42.730049424383
24,173,44.340674211205,4.434067421120
24,174,321.530998264588,32.153099826459
24,175,145.781923275416,14.578192327542
24,176,422.444943039641,42.244494303964
24,177,540.139476168652,54.013947616865
24,178,610.550693030831,61.055069303083
24,179,325.884240733623,32.588424073362
24,180,304.798123246332,30.479812324633
24,181,276.319136087187,27.631913608719
24,182,498.848019780507,49.884801978051
24,183,225.664237274425,22.566423727443
24,184,445.871351690009,44.587135169001
24,185,254.808633654206,25.480863365421
24,186,381.565343849496,38.156534384950
24,187,52.735104343163,5.273510434316
24,188,48.163015908491,4.816301590849
24,189,87.916856106402,8.791685610640
24,190,157.756412060807,15.775641206081
24,191,219.563763621502,21.956376362150
24,192,109.673477831333,10.967347783133
24,193,31.283284517785,3.128328451779
