hour,bus_id,demandP,demandQ
1,1,54.898958541212,5.489895854121
1,2,66.352464702051,6.635246470205
1,3,304.318192037713,30.431819203771
1,4,70.582543424842,7.058254342484
1,5,79.703050520870,7.970305052087
1,6,67.814629511952,6.781462951195
1,7,457.579643558052,45.757964355805
1,8,1044.501899284378,104.450189928438
1,9,264.435791368566,26.443579136857
1,10,580.954999462253,58.095499946225
1,11,481.194219791537,48.119421979154
1,12,264.037040635572,26.403704063557
1,13,284.585644465173,28.458564446517
1,14,305.197062762642,30.519706276264
1,15,90.283240575763,9.028324057576
1,16,388.943757720203,38.894375772020
1,17,419.401210899667,41.940121089967
1,18,437.872269046012,43.787226904601
1,19,412.227775032472,41.222777503247
1,20,212.882249839466,21.288224983947
1,21,642.572919672756,64.257291967276
1,22,518.892946099826,51.889294609983
1,23,303.651696851370,30.365169685137
1,24,496.780303384497,49.678030338450
1,25,401.732736104763,40.173273610476
1,26,474.160299407536,47.416029940754
1,27,27.008980257698,2.700898025770
1,28,107.497536631219,10.749753663122
1,29,522.782833955716,52.278283395572
1,30,406.192386048313,40.619238604831
1,31,330.351332105033,33.035133210503
1,32,136.204812097312,13.620481209731
1,33,392.771185658373,39.277118565837
1,34,878.391727679558,87.839172767956
1,35,535.123720045034,53.512372004503
1,36,617.326349108532,61.732634910853
1,37,756.830013965200,75.683001396520
1,38,306.524793974801,30.652479397480
1,39,591.372628274339,59.137262827434
1,40,896.420189057954,89.642018905795
1,41,161.972275920480,16.197227592048
1,42,988.518667299225,98.851866729923
1,43,515.225893011885,51.522589301189
1,44,158.961731523050,15.896173152305
1,45,291.051102778722,29.105110277872
1,46,915.605133927076,91.560513392708
1,47,2319.086930649748,231.908693064975
1,48,161.766636834703,16.176663683470
1,49,330.963167476909,33.096316747691
1,50,393.573237184593,39.357323718459
1,51,1576.753408581350,157.675340858135
1,52,362.857257855626,36.285725785563
1,53,753.072846048004,75.307284604800
1,54,323.564237715655,32.356423771566
1,55,941.839185744868,94.183918574487
1,56,130.854945824100,13.085494582410
1,57,1482.979680891296,148.297968089130
1,58,1110.117667870803,111.011766787080
1,59,100.802093455071,10.080209345507
1,60,146.798770516282,14.679877051628
1,61,702.791194082771,70.279119408277
1,62,827.186886220909,82.718688622091
1,63,114.602130678032,11.460213067803
1,64,417.574745812809,41.757474581281
1,65,99.306069106047,9.930606910605
1,66,28.686888832590,2.868688883259
1,67,22.728555413906,2.272855541391
1,68,35.884670476607,3.588467047661
1,69,37.339744283550,3.733974428355
1,70,205.946421663049,20.594642166305
1,71,232.261015456103,23.226101545610
1,72,81.089341599122,8.108934159912
1,73,263.335267709514,26.333526770951
1,74,74.888673154355,7.488867315436
1,75,155.417293694588,15.541729369459
1,76,69.186324942449,6.918632494245
1,77,285.319858729763,28.531985872976
1,78,69.054905020964,6.905490502096
1,79,125.875702638817,12.587570263882
1,80,33.400751232177,3.340075123218
1,81,182.311813346208,18.231181334621
1,82,79.270322065369,7.927032206537
1,83,208.462723154319,20.846272315432
1,84,304.085784415770,30.408578441577
1,85,196.335748987562,19.633574898756
1,86,192.265631473161,19.226563147316
1,87,43.984782247006,4.398478224701
1,88,12.367831900557,1.236783190056
1,89,66.715524053491,6.671552405349
1,90,133.611750499023,13.361175049902
1,91,44.726855706541,4.472685570654
1,92,22.700132310384,2.270013231038
1,93,88.503162466587,8.850316246659
1,94,32.714460329244,3.271446032924
1,95,50.271370010945,5.027137001094
1,96,130.060458034369,13.006045803437
1,97,40.469062980523,4.046906298052
1,98,208.642480079300,20.864248007930
1,99,669.416088644624,66.941608864462
1,100,156.876149369775,15.687614936977
1,101,244.659397761070,24.465939776107
1,102,72.026862543965,7.202686254397
1,103,75.508426812868,7.550842681287
1,104,159.513529736550,15.951352973655
1,105,106.932856429012,10.693285642901
1,106,126.553070696362,12.655307069636
1,107,24.029222631443,2.402922263144
1,108,656.847167718521,65.684716771852
1,109,343.969839652274,34.396983965227
1,110,201.294664631034,20.129466463103
1,111,127.472241954768,12.747224195477
1,112,23.566357413372,2.356635741337
1,113,500.938172060501,50.093817206050
1,114,55.411047138149,5.541104713815
1,115,24.162592578741,2.416259257874
1,116,34.109615161193,3.410961516119
1,117,205.958653643151,20.595865364315
1,118,74.800626534296,7.480062653430
1,119,75.355852065892,7.535585206589
1,120,30.897686279761,3.089768627976
1,121,71.904483651252,7.190448365125
1,122,59.544038212109,5.954403821211
1,123,48.428950167431,4.842895016743
1,124,94.115691307694,9.411569130769
1,125,20.044433519301,2.004443351930
1,126,333.928684005557,33.392868400556
1,127,263.133883225512,26.313388322551
1,128,397.569371901467,39.756937190147
1,129,47.056782003404,4.705678200340
1,130,59.528201638836,5.952820163884
1,131,152.550578473819,15.255057847382
1,132,81.889797649676,8.188979764968
1,133,245.100517236737,24.510051723674
1,134,558.414473810112,55.841447381011
1,135,118.509627857934,11.850962785793
1,136,136.280390370504,13.628039037050
1,137,1621.853191951780,162.185319195178
1,138,35.047163935598,3.504716393560
1,139,37.182974026491,3.718297402649
1,140,42.998246460500,4.299824646050
1,141,44.694178001244,4.469417800124
1,142,60.729890273420,6.072989027342
1,143,87.317310405276,8.731731040528
1,144,40.166808979446,4.016680897945
1,145,124.770156186003,12.477015618600
1,146,36.492369430091,3.649236943009
1,147,49.467250275529,4.946725027553
1,148,267.821390730773,26.782139073077
1,149,1059.529389119336,105.952938911934
1,150,589.202485910792,58.920248591079
1,151,497.968991846991,49.796899184699
1,152,223.174899724420,22.317489972442
1,153,174.881860447014,17.488186044701
1,154,119.700916354846,11.970091635485
1,155,335.416790067945,33.541679006795
1,156,361.353197036583,36.135319703658
1,157,170.112510949281,17.011251094928
1,158,445.037432076424,44.503743207642
1,159,309.527360993903,30.952736099390
1,160,883.382316469574,88.338231646957
1,161,145.664150951341,14.566415095134
1,162,52.560168490652,5.256016849065
1,163,55.282936351377,5.528293635138
1,164,46.492219984579,4.649221998458
1,165,1355.625504135775,135.562550413578
1,166,435.428532151677,43.542853215168
1,167,1809.259063639497,180.925906363950
1,168,115.218634293523,11.521863429352
1,169,32.470588919186,3.247058891919
1,170,142.681970565742,14.268197056574
1,171,39.941965093993,3.994196509399
1,172,421.243394376415,42.124339437642
1,173,43.712133183278,4.371213318328
1,174,316.973209558061,31.697320955806
1,175,143.715425155152,14.371542515515
1,176,416.456671921436,41.645667192144
1,177,532.482853268471,53.248285326847
1,178,601.895972122187,60.189597212219
1,179,321.264743639820,32.126474363982
1,180,300.477527560688,30.047752756069
1,181,272.402237733210,27.240223773321
1,182,491.776714422392,49.177671442239
1,183,222.465385786800,22.246538578680
1,184,439.551004904583,43.955100490458
1,185,251.196652479567,25.119665247957
1,186,376.156552086383,37.615655208638
1,187,51.987570001809,5.198757000181
1,188,47.480292155059,4.748029215506
1,189,86.670610935523,8.667061093552
1,190,155.520172329167,15.552017232917
1,191,216.451387994898,21.645138799490
1,192,108.118826673706,10.811882667371
1,193,30.839835513964,3.083983551396
2,1,52.113126063035,5.211312606303
2,2,62.985427219267,6.298542721927
2,3,288.875649490345,28.887564949035
2,4,67.000851766380,6.700085176638
2,5,75.658541250550,7.565854125055
2,6,64.373394880003,6.437339488000
2,7,434.359891011747,43.435989101175
2,8,991.498939085053,99.149893908505
2,9,251.017070220440,25.101707022044
2,10,551.474598579121,55.147459857912
2,11,456.776152100870,45.677615210087
2,12,250.638553983184,25.063855398318
2,13,270.144424590684,27.014442459068
2,14,289.709922163240,28.970992216324
2,15,85.701842485265,8.570184248526
2,16,369.206914231126,36.920691423113
2,17,398.118812366841,39.811881236684
2,18,415.652561772589,41.565256177259
2,19,391.309390520129,39.130939052013
2,20,202.079598907846,20.207959890785
2,21,609.965734458528,60.996573445853
2,22,492.561866961834,49.256186696183
2,23,288.242975418027,28.824297541803
2,24,471.571324189594,47.157132418959
2,25,381.346919442185,38.134691944218
2,26,450.099166062718,45.009916606272
2,27,25.638417019274,2.563841701927
2,28,102.042603845081,10.204260384508
2,29,496.254363533566,49.625436353357
2,30,385.580265681909,38.558026568191
2,31,313.587745059999,31.358774506000
2,32,129.293136551776,12.929313655178
2,33,372.840120396400,37.284012039640
2,34,833.817982228723,83.381798222872
2,35,507.969014769060,50.796901476906
2,36,586.000294139927,58.600029413993
2,37,718.424884079524,71.842488407952
2,38,290.970278021997,29.097027802200
2,39,561.363587696366,56.136358769637
2,40,850.931594317185,85.093159431719
2,41,153.753037544859,15.375303754486
2,42,938.356560734318,93.835656073432
2,43,489.080897469340,48.908089746934
2,44,150.895262390821,15.089526239082
2,45,276.281795009038,27.628179500904
2,46,869.143004461267,86.914300446127
2,47,2201.405505304119,220.140550530412
2,48,153.557833557655,15.355783355766
2,49,314.168533015029,31.416853301503
2,50,373.601472039593,37.360147203959
2,51,1496.741492646639,149.674149264664
2,52,344.444166592379,34.444416659238
2,53,714.858372609878,71.485837260988
2,54,307.145059899590,30.714505989959
2,55,894.045816570143,89.404581657014
2,56,124.214747764000,12.421474776400
2,57,1407.726286850996,140.772628685100
2,58,1053.785053629473,105.378505362947
2,59,95.686919082417,9.568691908242
2,60,139.349507478737,13.934950747874
2,61,667.128249176757,66.712824917676
2,62,785.211516297878,78.521151629788
2,63,108.786677230559,10.878667723056
2,64,396.385030746017,39.638503074602
2,65,94.266810075512,9.426681007551
2,66,27.231180587274,2.723118058727
2,67,21.575201151155,2.157520115116
2,68,34.063712791091,3.406371279109
2,69,35.444949279855,3.544494927985
2,70,195.495727415313,19.549572741531
2,71,220.474994419177,22.047499441918
2,72,76.974485371180,7.697448537118
2,73,249.972392330303,24.997239233030
2,74,71.088468132899,7.108846813290
2,75,147.530686080351,14.753068608035
2,76,65.675484004989,6.567548400499
2,77,270.841381355340,27.084138135534
2,78,65.550732951098,6.555073295110
2,79,119.488174897988,11.948817489799
2,80,31.705839342214,3.170583934221
2,81,173.060450765368,17.306045076537
2,82,75.247771480926,7.524777148093
2,83,197.884339882866,19.788433988287
2,84,288.655035328945,28.865503532895
2,85,186.372745668543,18.637274566854
2,86,182.509165142509,18.250916514251
2,87,41.752786628414,4.175278662841
2,88,11.740229688990,1.174022968899
2,89,63.330063224260,6.333006322426
2,90,126.831659147620,12.683165914762
2,91,42.457203775339,4.245720377534
2,92,21.548220370165,2.154822037017
2,93,84.012093947760,8.401209394776
2,94,31.054374081472,3.105437408147
2,95,47.720363233761,4.772036323376
2,96,123.460576037577,12.346057603758
2,97,38.415471564433,3.841547156443
2,98,198.054975092370,19.805497509237
2,99,635.446754239844,63.544675423984
2,100,148.915512527500,14.891551252750
2,101,232.244224240749,23.224422424075
2,102,68.371879310985,6.837187931099
2,103,71.676772563299,7.167677256330
2,104,151.419059756483,15.141905975648
2,105,101.506578183668,10.150657818367
2,106,120.131170100664,12.013117010066
2,107,22.809866370217,2.280986637022
2,108,623.515639732333,62.351563973233
2,109,326.515185205644,32.651518520564
2,110,191.080022508233,19.108002250823
2,111,121.003698267603,12.100369826760
2,112,22.370489119710,2.237048911971
2,113,475.518202968787,47.551820296879
2,114,52.599228865651,5.259922886565
2,115,22.936468496400,2.293646849640
2,116,32.378732167068,3.237873216707
2,117,195.507338686966,19.550733868697
2,118,71.004889414241,7.100488941424
2,119,71.531940179690,7.153194017969
2,120,29.329791729010,2.932979172901
2,121,68.255710501359,6.825571050136
2,122,56.522492449841,5.652249244984
2,123,45.971436475998,4.597143647600
2,124,89.339816564019,8.933981656402
2,125,19.027284280253,1.902728428025
2,126,316.983565227041,31.698356522704
2,127,249.781227046283,24.978122704628
2,128,377.394824004713,37.739482400471
2,129,44.668898606213,4.466889860621
2,130,56.507459499102,5.650745949910
2,131,144.809441531156,14.480944153116
2,132,77.734322500679,7.773432250068
2,133,232.662959230540,23.266295923054
2,134,530.077885671438,53.007788567144
2,135,112.495889546022,11.249588954602
2,136,129.364879626383,12.936487962638
2,137,1539.552699974633,153.955269997463
2,138,33.268705288036,3.326870528804
2,139,35.296134286162,3.529613428616
2,140,40.816312327735,4.081631232774
2,141,42.426184291166,4.242618429117
2,142,57.648168776047,5.764816877605
2,143,82.886417621554,8.288641762155
2,144,38.128555359104,3.812855535910
2,145,118.438729094371,11.843872909437
2,146,34.640574229137,3.464057422914
2,147,46.957048332076,4.695704833208
2,148,254.230868278725,25.423086827872
2,149,1005.763863101640,100.576386310164
2,150,559.303568607272,55.930356860727
2,151,472.699692984589,47.269969298459
2,152,211.849951119075,21.184995111907
2,153,166.007528772550,16.600752877255
2,154,113.626726437408,11.362672643741
2,155,318.396157758577,31.839615775858
2,156,343.016428923905,34.301642892391
2,157,161.480198596925,16.148019859693
2,158,422.454130585333,42.245413058533
2,159,293.820480607566,29.382048060757
2,160,838.555324969891,83.855532496989
2,161,138.272463870032,13.827246387003
2,162,49.893017267195,4.989301726719
2,163,52.477619025347,5.247761902535
2,164,44.132985131000,4.413298513100
2,165,1286.834662596735,128.683466259674
2,166,413.332831631555,41.333283163156
2,167,1717.448712498869,171.744871249887
2,168,109.371896540471,10.937189654047
2,169,30.822877858717,3.082287785872
2,170,135.441613403885,13.544161340388
2,171,37.915121114474,3.791512111447
2,172,399.867514752205,39.986751475221
2,173,41.493973066070,4.149397306607
2,174,300.888491644223,30.088849164422
2,175,136.422625625781,13.642262562578
2,176,395.323693205248,39.532369320525
2,177,505.462158047190,50.546215804719
2,178,571.352927369101,57.135292736910
2,179,304.962253015098,30.496225301510
2,180,285.229878470723,28.522987847072
2,181,258.579261466080,25.857926146608
2,182,466.821640966476,46.682164096648
2,183,211.176441270123,21.117644127012
2,184,417.246110643986,41.724611064399
2,185,238.449747775325,23.844974777532
2,186,357.068591813061,35.706859181306
2,187,49.349475130413,4.934947513041
2,188,45.070917852273,4.507091785227
2,189,82.272534737659,8.227253473766
2,190,147.628344167052,14.762834416705
2,191,205.467622134020,20.546762213402
2,192,102.632366696074,10.263236669607
2,193,29.274876584334,2.927487658433
3,1,50.246309586348,5.024630958635
3,2,60.729138982368,6.072913898237
3,3,278.527434694523,27.852743469452
3,4,64.600721444545,6.460072144455
3,5,72.948271840925,7.294827184092
3,6,62.067386330892,6.206738633089
3,7,418.800083673159,41.880008367316
3,8,955.981082147013,95.598108214701
3,9,242.025040034989,24.202504003499
3,10,531.719463071492,53.171946307149
3,11,440.413340822425,44.041334082243
3,12,241.660083152195,24.166008315220
3,13,260.467206948802,26.046720694880
3,14,279.331821730354,27.933182173035
3,15,82.631798069960,8.263179806996
3,16,355.981041924800,35.598104192480
3,17,383.857246908147,38.385724690815
3,18,400.762895588385,40.076289558839
3,19,377.291754793932,37.729175479393
3,20,194.840625671295,19.484062567129
3,21,588.115306949653,58.811530694965
3,22,474.917126020378,47.491712602038
3,23,277.917424516541,27.791742451654
3,24,454.678514557236,45.467851455724
3,25,367.686163192653,36.768616319265
3,26,433.975540350219,43.397554035022
3,27,24.719987768458,2.471998776846
3,28,98.387194381608,9.838719438161
3,29,478.477348557505,47.847734855751
3,30,371.767860872622,37.176786087262
3,31,302.354284057165,30.235428405716
3,32,124.661548008318,12.466154800832
3,33,359.484097979249,35.948409797925
3,34,803.948633268558,80.394863326856
3,35,489.772353043760,48.977235304376
3,36,565.008365866038,56.500836586604
3,37,692.689191132630,69.268919113263
3,38,280.547028636028,28.054702863603
3,39,541.254205011173,54.125420501117
3,40,820.449194952335,82.044919495234
3,41,148.245237005660,14.824523700566
3,42,904.742390544900,90.474239054490
3,43,471.560853157972,47.156085315797
3,44,145.489834174053,14.548983417405
3,45,266.384722119812,26.638472211981
3,46,838.008228946893,83.800822894689
3,47,2122.545909274538,212.254590927454
3,48,148.057025690882,14.805702569088
3,49,302.914266802340,30.291426680234
3,50,360.218176190594,36.021817619059
3,51,1443.124642326953,144.312464232695
3,52,332.105354970997,33.210535497100
3,53,689.250440610730,68.925044061073
3,54,296.142391246403,29.614239124640
3,55,862.018962927421,86.201896292742
3,56,119.765079219979,11.976507921998
3,57,1357.298173523481,135.729817352348
3,58,1016.035959502560,101.603595950256
3,59,92.259185406830,9.225918540683
3,60,134.357675742050,13.435767574205
3,61,643.230124045680,64.323012404568
3,62,757.083366884319,75.708336688432
3,63,104.889678972341,10.488967897234
3,64,382.185573480425,38.218557348043
3,65,90.889948091820,9.088994809182
3,66,26.255694746366,2.625569474637
3,67,20.802325984387,2.080232598439
3,68,32.843469349572,3.284346934957
3,69,34.175226652759,3.417522665276
3,70,188.492604159586,18.849260415959
3,71,212.577054238402,21.257705423840
3,72,74.217075704341,7.421707570434
3,73,241.017784998660,24.101778499866
3,74,68.541909642964,6.854190964296
3,75,142.245785012269,14.224578501227
3,76,63.322831517657,6.332283151766
3,77,261.139197059755,26.113919705976
3,78,63.202549344074,6.320254934407
3,79,115.207823467929,11.520782346793
3,80,30.570060551672,3.057006055167
3,81,166.861012632243,16.686101263224
3,82,72.552216824224,7.255221682422
3,83,190.795650831192,19.079565083119
3,84,278.314723458598,27.831472345860
3,85,179.696429379275,17.969642937928
3,86,175.971251523162,17.597125152316
3,87,40.257102221932,4.025710222193
3,88,11.319666658536,1.131966665854
3,89,61.061429303631,6.106142930363
3,90,122.288246595937,12.228824659594
3,91,40.936285466467,4.093628546647
3,92,20.776311719327,2.077631171933
3,93,81.002580355486,8.100258035549
3,94,29.941932330456,2.994193233046
3,95,46.010905999311,4.601090599931
3,96,119.037923723660,11.903792372366
3,97,37.039337743763,3.703933774376
3,98,190.960173480490,19.096017348049
3,99,612.683535824644,61.268353582464
3,100,143.581003672970,14.358100367297
3,101,223.924682175599,22.392468217560
3,102,65.922635512305,6.592263551230
3,103,69.109139605433,6.910913960543
3,104,145.994867868708,14.599486786871
3,105,97.870370437925,9.787037043792
3,106,115.827785048763,11.582778504876
3,107,21.992762550357,2.199276255036
3,108,601.179822297088,60.117982229709
3,109,314.818632462044,31.481863246204
3,110,184.235080334692,18.423508033469
3,111,116.669057175593,11.666905717559
3,112,21.569124840973,2.156912484097
3,113,458.484006724397,45.848400672440
3,114,50.714999027114,5.071499902711
3,115,22.114829486407,2.211482948641
3,116,31.218848750545,3.121884875054
3,117,188.503799487793,18.850379948779
3,118,68.461324913361,6.846132491336
3,119,68.969495463261,6.896949546326
3,120,28.279128631362,2.827912863136
3,121,65.810628146527,6.581062814653
3,122,54.497721951884,5.449772195188
3,123,44.324629969581,4.432462996958
3,124,86.139451239856,8.613945123986
3,125,18.345681573134,1.834568157313
3,126,305.628457846056,30.562845784606
3,127,240.833467711084,24.083346771108
3,128,363.875641240356,36.387564124036
3,129,43.068752113128,4.306875211313
3,130,54.483227517298,5.448322751730
3,131,139.622021933585,13.962202193358
3,132,74.949693655486,7.494969365549
3,133,224.328417079283,22.432841707928
3,134,511.089231455962,51.108923145596
3,135,108.466018455388,10.846601845539
3,136,124.730721074870,12.473072107487
3,137,1484.402250094443,148.440225009444
3,138,32.076940911541,3.207694091154
3,139,34.031742567096,3.403174256710
3,140,39.354174664398,3.935417466440
3,141,40.906377174205,4.090637717420
3,142,55.583073867103,5.558307386710
3,143,79.917228440267,7.991722844027
3,144,36.762699561266,3.676269956127
3,145,114.195971316154,11.419597131615
3,146,33.399666234967,3.339966623497
3,147,45.274934858076,4.527493485808
3,148,245.123712181221,24.512371218122
3,149,969.735002560388,96.973500256039
3,150,539.267980719443,53.926798071944
3,151,455.766462490591,45.576646249059
3,152,204.260980561908,20.426098056191
3,153,160.060743127956,16.006074312796
3,154,109.556346072033,10.955634607203
3,155,306.990447943772,30.699044794377
3,156,330.728762271272,33.072876227127
3,157,155.695592717887,15.569559271789
3,158,407.320815983040,40.732081598304
3,159,283.295130166631,28.329513016663
3,160,808.516273093147,80.851627309315
3,161,133.319214404392,13.331921440439
3,162,48.105730383016,4.810573038302
3,163,50.597745541356,5.059774554136
3,164,42.552036336867,4.255203633687
3,165,1240.737175602752,124.073717560275
3,166,398.526263714063,39.852626371406
3,167,1655.925603129487,165.592560312949
3,168,105.453934330697,10.545393433070
3,169,29.718728854569,2.971872885457
3,170,130.589771754134,13.058977175413
3,171,36.556911040367,3.655691104037
3,172,385.543306603032,38.554330660303
3,173,40.007559978718,4.000755997872
3,174,290.109948189215,29.010994818922
3,175,131.535641778315,13.153564177832
3,176,381.162255581887,38.116225558189
3,177,487.355297909065,48.735529790906
3,178,550.885702710089,55.088570271009
3,179,294.037777710982,29.403777771098
3,180,275.012263888779,27.501226388878
3,181,249.316335552744,24.931633555274
3,182,450.098976316196,45.009897631620
3,183,203.611597442213,20.361159744221
3,184,402.299359738249,40.229935973825
3,185,229.907909055648,22.990790905565
3,186,344.277543168282,34.427754316828
3,187,47.581659222040,4.758165922204
3,188,43.456370070890,4.345637007089
3,189,79.325336305517,7.932533630552
3,190,142.339944753369,14.233994475337
3,191,198.107281824337,19.810728182434
3,192,98.955830520566,9.895583052057
3,193,28.226180678153,2.822618067815
4,1,48.911037921417,4.891103792142
4,2,59.115291135901,5.911529113590
4,3,271.125701223638,27.112570122364
4,4,62.883988144345,6.288398814435
4,5,71.009706378171,7.100970637817
4,6,60.417975200676,6.041797520068
4,7,407.670671590889,40.767067159089
4,8,930.576341744973,93.057634174497
4,9,235.593340257967,23.559334025797
4,10,517.589272445015,51.758927244501
4,11,428.709566760223,42.870956676022
4,12,235.238081929923,23.523808192992
4,13,253.545415399416,25.354541539942
4,14,271.908712058403,27.190871205840
4,15,80.435897525353,8.043589752535
4,16,346.521015856255,34.652101585625
4,17,373.656424013993,37.365642401399
4,18,390.112813159634,39.011281315963
4,19,367.265406715115,36.726540671512
4,20,189.662829156919,18.966282915692
4,21,572.486423723255,57.248642372325
4,22,462.296430355634,46.229643035563
4,23,270.531901774616,27.053190177462
4,24,442.595650320248,44.259565032025
4,25,357.915079120202,35.791507912020
4,26,422.442847758990,42.244284775899
4,27,24.063065907004,2.406306590700
4,28,95.772601709401,9.577260170940
4,29,465.762041680240,46.576204168024
4,30,361.888307634938,36.188830763494
4,31,294.319363451136,29.431936345114
4,32,121.348726944794,12.134872694479
4,33,349.930979870140,34.993097987014
4,34,782.584082540324,78.258408254032
4,35,476.756886820069,47.675688682007
4,36,549.993538556307,54.999353855631
4,37,674.281306909125,67.428130690912
4,38,273.091625421296,27.309162542130
4,39,526.870633174228,52.687063317423
4,40,798.646149682846,79.864614968285
4,41,144.305690677495,14.430569067750
4,42,880.699293885609,88.069929388561
4,43,459.029348840609,45.902934884061
4,44,141.623511359352,14.162351135935
4,45,259.305675432691,25.930567543269
4,46,815.738560740326,81.573856074033
4,47,2066.140266083957,206.614026608396
4,48,144.122480988463,14.412248098846
4,49,294.864464922470,29.486446492247
4,50,350.645550303829,35.064555030383
4,51,1404.774294615297,140.477429461530
4,52,323.279813873241,32.327981387324
4,53,670.933939538992,67.093393953899
4,54,288.272548723205,28.827254872320
4,55,839.111220939867,83.911122093987
4,56,116.582379474520,11.658237947452
4,57,1321.228623204468,132.122862320447
4,58,989.035289434561,98.903528943456
4,59,89.807441644599,8.980744164460
4,60,130.787184717707,13.078718471771
4,61,626.136590893902,62.613659089390
4,62,736.964238213695,73.696423821370
4,63,102.102285879623,10.210228587962
4,64,372.029174508733,37.202917450873
4,65,88.474591156888,8.847459115689
4,66,25.557962205876,2.555796220588
4,67,20.249514112623,2.024951411262
4,68,31.970669847248,3.197066984725
4,69,33.267036336540,3.326703633654
4,70,183.483503283213,18.348350328321
4,71,206.927920610958,20.692792061096
4,72,72.244792385269,7.224479238527
4,73,234.612852542869,23.461285254287
4,74,66.720441149855,6.672044114985
4,75,138.465671253736,13.846567125374
4,76,61.640057531570,6.164005753157
4,77,254.199547694309,25.419954769431
4,78,61.522971799269,6.152297179927
4,79,112.146230616203,11.214623061620
4,80,29.757675801709,2.975767580171
4,81,162.426760963138,16.242676096314
4,82,70.624176334267,7.062417633427
4,83,185.725347590130,18.572534759013
4,84,270.918642687154,27.091864268715
4,85,174.921082644065,17.492108264406
4,86,171.294899609244,17.129489960924
4,87,39.187288968944,3.918728896894
4,88,11.018851926667,1.101885192667
4,89,59.438751000675,5.943875100068
4,90,119.038494883264,11.903849488326
4,91,39.848423243332,3.984842324333
4,92,20.224191164225,2.022419116423
4,93,78.849975493050,7.884997549305
4,94,29.146239787794,2.914623978779
4,95,44.788188160638,4.478818816064
4,96,115.874547788014,11.587454778801
4,97,36.055035044038,3.605503504404
4,98,185.885498128646,18.588549812865
4,99,596.401763656860,59.640176365686
4,100,139.765407116619,13.976540711662
4,101,217.973990758669,21.797399075867
4,102,64.170772977486,6.417077297749
4,103,67.272597247146,6.727259724715
4,104,142.115124024923,14.211512402492
4,105,95.269512115035,9.526951211504
4,106,112.749717014301,11.274971701430
4,107,21.408315395754,2.140831539575
4,108,585.203755818763,58.520375581876
4,109,306.452477753772,30.645247775377
4,110,179.339121119327,17.933912111933
4,111,113.568632736398,11.356863273640
4,112,20.995935656043,2.099593565604
4,113,446.300013351682,44.630001335168
4,114,49.367272164277,4.936727216428
4,115,21.527138461313,2.152713846131
4,116,30.389222764247,3.038922276425
4,117,183.494401100923,18.349440110092
4,118,66.641997920930,6.664199792093
4,119,67.136664081318,6.713666408132
4,120,27.527624302362,2.752762430236
4,121,64.061742153927,6.406174215393
4,122,53.049471035055,5.304947103506
4,123,43.146724110540,4.314672411054
4,124,83.850336488539,8.385033648854
4,125,17.858153852589,1.785815385259
4,126,297.506527636290,29.750652763629
4,127,234.433433399127,23.443343339913
4,128,354.205819967768,35.420581996777
4,129,41.924220607947,4.192422060795
4,130,53.035361783141,5.303536178314
4,131,135.911633424992,13.591163342499
4,132,72.957941364474,7.295794136447
4,133,218.366996600228,21.836699660023
4,134,497.507279375639,49.750727937564
4,135,105.583585850014,10.558358585001
4,136,121.416061770159,12.141606177016
4,137,1444.954969682619,144.495496968262
4,138,31.224511536140,3.122451153614
4,139,33.127365271884,3.312736527188
4,140,38.308356279750,3.830835627975
4,141,39.819309749644,3.981930974964
4,142,54.105980241809,5.410598024181
4,143,77.793466286296,7.779346628630
4,144,35.785748389037,3.578574838904
4,145,111.161267951804,11.116126795180
4,146,32.512086066217,3.251208606622
4,147,44.071775100767,4.407177510077
4,148,238.609666672744,23.860966667274
4,149,943.964758296256,94.396475829626
4,150,524.937191843850,52.493719184385
4,151,443.654686557195,44.365468655720
4,152,198.832842618230,19.883284261823
4,153,155.807205371131,15.580720537113
4,154,106.644938531305,10.664493853131
4,155,298.832323498044,29.883232349804
4,156,321.939803466649,32.193980346665
4,157,151.558056747137,15.155805674714
4,158,396.496459953780,39.649645995378
4,159,275.766697467020,27.576669746702
4,160,787.030339519414,78.703033951941
4,161,129.776319993824,12.977631999382
4,162,46.827343587447,4.682734358745
4,163,49.253134633869,4.925313463387
4,164,41.421236306506,4.142123630651
4,165,1207.765178099876,120.776517809988
4,166,387.935618708503,38.793561870850
4,167,1611.920171580449,161.192017158045
4,168,102.651546421484,10.265154642148
4,169,28.928967837611,2.892896783761
4,170,127.119410977617,12.711941097762
4,171,35.585428599736,3.558542859974
4,172,375.297677478242,37.529767747824
4,173,38.944378191589,3.894437819159
4,174,282.400414957403,28.240041495740
4,175,128.040144957930,12.804014495793
4,176,371.033050794313,37.103305079431
4,177,474.404063770485,47.440406377049
4,178,536.246178424615,53.624617842461
4,179,286.223864286708,28.622386428671
4,180,267.703944402183,26.770394440218
4,181,242.690873081791,24.269087308179
4,182,438.137811119437,43.813781111944
4,183,198.200716544605,19.820071654461
4,184,391.608446508979,39.160844650898
4,185,223.798216243718,22.379821624372
4,186,335.128531986178,33.512853198618
4,187,46.317199367124,4.631719936712
4,188,42.301537803722,4.230153780372
4,189,77.217303402167,7.721730340217
4,190,138.557328744715,13.855732874471
4,191,192.842675483804,19.284267548380
4,192,96.326126614714,9.632612661471
4,193,27.476083415706,2.747608341571
5,1,48.368954483588,4.836895448359
5,2,58.460113458038,5.846011345804
5,3,268.120801748000,26.812080174800
5,4,62.187041812263,6.218704181226
5,5,70.222702311430,7.022270231143
5,6,59.748359811282,5.974835981128
5,7,403.152437495899,40.315243749590
5,8,920.262718400780,92.026271840078
5,9,232.982247685739,23.298224768574
5,10,511.852805092983,51.185280509298
5,11,423.958157555765,42.395815755577
5,12,232.630926703210,23.263092670321
5,13,250.735359095842,25.073535909584
5,14,268.895134435188,26.889513443519
5,15,79.544422518721,7.954442251872
5,16,342.680506401988,34.268050640199
5,17,369.515171497093,36.951517149709
5,18,385.789173672810,38.578917367281
5,19,363.194986157132,36.319498615713
5,20,187.560786697242,18.756078669724
5,21,566.141528544774,56.614152854477
5,22,457.172776290764,45.717277629076
5,23,267.533583407463,26.753358340746
5,24,437.690340969032,43.769034096903
5,25,353.948288702630,35.394828870263
5,26,417.760892909305,41.776089290931
5,27,23.796373764577,2.379637376458
5,28,94.711149256320,9.471114925632
5,29,460.599978074684,46.059997807468
5,30,357.877481730407,35.787748173041
5,31,291.057407476792,29.105740747679
5,32,120.003813038365,12.000381303837
5,33,346.052677617068,34.605267761707
5,34,773.910664680433,77.391066468043
5,35,471.472966805304,47.147296680530
5,36,543.897933129917,54.389793312992
5,37,666.808214035894,66.680821403589
5,38,270.064937511127,27.006493751113
5,39,521.031300044948,52.103130004495
5,40,789.794715143178,78.979471514318
5,41,142.706343613416,14.270634361342
5,42,870.938460314877,87.093846031488
5,43,453.941904000785,45.394190400079
5,44,140.053891020516,14.005389102052
5,45,256.431777883985,25.643177788398
5,46,806.697690168617,80.669769016862
5,47,2043.241131940159,204.324113194016
5,48,142.525164446374,14.252516444637
5,49,291.596467561721,29.159646756172
5,50,346.759328431511,34.675932843151
5,51,1389.205112047105,138.920511204711
5,52,319.696887803127,31.969688780313
5,53,663.497945702886,66.349794570289
5,54,285.077609893762,28.507760989376
5,55,829.811310026129,82.981131002613
5,56,115.290291231426,11.529029123143
5,57,1306.585381419762,130.658538141976
5,58,978.073762699187,97.807376269919
5,59,88.812101353773,8.881210135377
5,60,129.337663919771,12.933766391977
5,61,619.197088275140,61.919708827514
5,62,728.796427331222,72.879642733122
5,63,100.970681225706,10.097068122571
5,64,367.905956878098,36.790595687810
5,65,87.494022913543,8.749402291354
5,66,25.274702054278,2.527470205428
5,67,20.025087752214,2.002508775221
5,68,31.616337341602,3.161633734160
5,69,32.898336137361,3.289833613736
5,70,181.449946595980,18.144994659598
5,71,204.634528293917,20.463452829392
5,72,71.444099799593,7.144409979959
5,73,232.012626764190,23.201262676419
5,74,65.980975220506,6.598097522051
5,75,136.931049412035,13.693104941204
5,76,60.956897743623,6.095689774362
5,77,251.382241610353,25.138224161035
5,78,60.841109678249,6.084110967825
5,79,110.903308428994,11.090330842899
5,80,29.427870017863,2.942787001786
5,81,160.626577186222,16.062657718622
5,82,69.841445115956,6.984144511596
5,83,183.666944432231,18.366694443223
5,84,267.916038051455,26.791603805145
5,85,172.982423685718,17.298242368572
5,86,169.396429815741,16.939642981574
5,87,38.752974318791,3.875297431879
5,88,10.896729449060,1.089672944906
5,89,58.779988401230,5.877998840123
5,90,117.719185392349,11.771918539235
5,91,39.406781209513,3.940678120951
5,92,20.000045459298,2.000004545930
5,93,77.976077338269,7.797607733827
5,94,28.823210579350,2.882321057935
5,95,44.291798469394,4.429179846939
5,96,114.590304478299,11.459030447830
5,97,35.655435318121,3.565543531812
5,98,183.825320014455,18.382532001446
5,99,589.791813590179,58.979181359018
5,100,138.216380238453,13.821638023845
5,101,215.558174303137,21.555817430314
5,102,63.459565145838,6.345956514584
5,103,66.527011744626,6.652701174463
5,104,140.540055118746,14.054005511875
5,105,94.213635428661,9.421363542866
5,106,111.500106357673,11.150010635767
5,107,21.171045983755,2.117104598376
5,108,578.717913823462,57.871791382346
5,109,303.056049877129,30.305604987713
5,110,177.351496823361,17.735149682336
5,111,112.309945996564,11.230994599656
5,112,20.763236668973,2.076323666897
5,113,441.353648362877,44.135364836288
5,114,48.820132259906,4.882013225991
5,115,21.288552127437,2.128855212744
5,116,30.052417514367,3.005241751437
5,117,181.460723632641,18.146072363264
5,118,65.903401381744,6.590340138174
5,119,66.392585132758,6.639258513276
5,120,27.222534288917,2.722253428892
5,121,63.351742716257,6.335174271626
5,122,52.461521139576,5.246152113958
5,123,42.668526846060,4.266852684606
5,124,82.921019087019,8.292101908702
5,125,17.660231055505,1.766023105550
5,126,294.209248164596,29.420924816460
5,127,231.835196131639,23.183519613164
5,128,350.280139451736,35.028013945174
5,129,41.459572409887,4.145957240989
5,130,52.447568261195,5.244756826119
5,131,134.405318110107,13.440531811011
5,132,72.149344913602,7.214934491360
5,133,215.946824441634,21.594682444163
5,134,491.993381740058,49.199338174006
5,135,104.413397777379,10.441339777738
5,136,120.070401588551,12.007040158855
5,137,1428.940462717309,142.894046271731
5,138,30.878448739738,3.087844873974
5,139,32.760213053981,3.276021305398
5,140,37.883782883801,3.788378288380
5,141,39.377990382107,3.937799038211
5,142,53.506321002852,5.350632100285
5,143,76.931277474993,7.693127747499
5,144,35.389133180357,3.538913318036
5,145,109.929262154227,10.992926215423
5,146,32.151753017998,3.215175301800
5,147,43.583325450685,4.358332545069
5,148,235.965144006574,23.596514400657
5,149,933.502750473228,93.350275047323
5,150,519.119287139885,51.911928713989
5,151,438.737639855302,43.873763985530
5,152,196.629168448548,19.662916844855
5,153,154.080386454269,15.408038645427
5,154,105.462987434725,10.546298743473
5,155,295.520350165636,29.552035016564
5,156,318.371728797748,31.837172879775
5,157,149.878331353370,14.987833135337
5,158,392.102070195707,39.210207019571
5,159,272.710361601857,27.271036160186
5,160,778.307643574840,77.830764357484
5,161,128.338002659319,12.833800265932
5,162,46.308353836359,4.630835383636
5,163,48.707259721358,4.870725972136
5,164,40.962162708186,4.096216270819
5,165,1194.379457255310,119.437945725531
5,166,383.636109174815,38.363610917482
5,167,1594.055181074227,159.405518107423
5,168,101.513854285979,10.151385428598
5,169,28.608346664872,2.860834666487
5,170,125.710540296357,12.571054029636
5,171,35.191033545128,3.519103354513
5,172,371.138234868511,37.113823486851
5,173,38.512755733523,3.851275573352
5,174,279.270557275170,27.927055727517
5,175,126.621069736701,12.662106973670
5,176,366.920873251776,36.692087325178
5,177,469.146220209248,46.914622020925
5,178,530.302935666407,53.030293566641
5,179,283.051631127591,28.305163112759
5,180,264.736968425616,26.473696842562
5,181,240.001118204351,24.000111820435
5,182,433.281908219238,43.328190821924
5,183,196.004048259274,19.600404825927
5,184,387.268230844217,38.726823084422
5,185,221.317849610807,22.131784961081
5,186,331.414285990716,33.141428599072
5,187,45.803863569510,4.580386356951
5,188,41.832707780631,4.183270778063
5,189,76.361500232433,7.636150023243
5,190,137.021691058535,13.702169105854
5,191,190.705390630960,19.070539063096
5,192,95.258539417895,9.525853941789
5,193,27.171564632441,2.717156463244
6,1,48.143041768095,4.814304176809
6,2,58.187068834263,5.818706883426
6,3,266.868512980341,26.686851298034
6,4,61.896590144777,6.189659014478
6,5,69.894719175597,6.989471917560
6,6,59.469298286067,5.946929828607
6,7,401.269468081221,40.126946808122
6,8,915.964526473725,91.596452647373
6,9,231.894077540272,23.189407754027
6,10,509.462138220686,50.946213822069
6,11,421.978012653903,42.197801265390
6,12,231.544397442440,23.154439744244
6,13,249.564271019857,24.956427101986
6,14,267.639229058448,26.763922905845
6,15,79.172901226077,7.917290122608
6,16,341.079978034680,34.107997803468
6,17,367.789308767575,36.778930876758
6,18,383.987301361057,38.398730136106
6,19,361.498642573682,36.149864257368
6,20,186.684762662915,18.668476266292
6,21,563.497300001222,56.349730000122
6,22,455.037498725965,45.503749872597
6,23,266.284037310001,26.628403731000
6,24,435.646058339207,43.564605833921
6,25,352.295132873673,35.229513287367
6,26,415.809693038401,41.580969303840
6,27,23.685230088361,2.368523008836
6,28,94.268790037593,9.426879003759
6,29,458.448693373287,45.844869337329
6,30,356.205974157524,35.620597415752
6,31,289.697990677533,28.969799067753
6,32,119.443321550333,11.944332155033
6,33,344.436399139707,34.443639913971
6,34,770.296026702953,77.029602670295
6,35,469.270898570628,46.927089857063
6,36,541.357595834299,54.135759583430
6,37,663.693810262759,66.369381026276
6,38,268.803568435775,26.880356843577
6,39,518.597763965721,51.859776396572
6,40,786.105888897388,78.610588889739
6,41,142.039817368471,14.203981736847
6,42,866.870642957686,86.687064295769
6,43,451.821716593304,45.182171659330
6,44,139.399753357760,13.939975335776
6,45,255.234084034715,25.523408403471
6,46,802.929916651201,80.292991665120
6,47,2033.697941324340,203.369794132434
6,48,141.859484419381,14.185948441938
6,49,290.234533020888,29.023453302089
6,50,345.139749460969,34.513974946097
6,51,1382.716671215774,138.271667121577
6,52,318.203707046389,31.820370704639
6,53,660.399002915339,66.039900291534
6,54,283.746122420751,28.374612242075
6,55,825.935581712446,82.593558171245
6,56,114.751814784287,11.475181478429
6,57,1300.482825458150,130.048282545815
6,58,973.505557699855,97.350555769986
6,59,88.397294310708,8.839729431071
6,60,128.733577617231,12.873357761723
6,61,616.305057692064,61.630505769206
6,62,725.392500541854,72.539250054185
6,63,100.499086149392,10.049908614939
6,64,366.187610168893,36.618761016889
6,65,87.085372106080,8.708537210608
6,66,25.156653677270,2.515665367727
6,67,19.931558297208,1.993155829721
6,68,31.468669634101,3.146866963410
6,69,32.744680708350,3.274468070835
6,70,180.602463936921,18.060246393692
6,71,203.678759403226,20.367875940323
6,72,71.110411987564,7.111041198756
6,73,230.928985343765,23.092898534376
6,74,65.672803554566,6.567280355457
6,75,136.291497336984,13.629149733698
6,76,60.672191604233,6.067219160423
6,77,250.208132195846,25.020813219585
6,78,60.556944340217,6.055694434022
6,79,110.385321885107,11.038532188511
6,80,29.290423796461,2.929042379646
6,81,159.876352447647,15.987635244765
6,82,69.515242685315,6.951524268531
6,83,182.809107032062,18.280910703206
6,84,266.664705655982,26.666470565598
6,85,172.174489557624,17.217448955762
6,86,168.605244480784,16.860524448078
6,87,38.571974134783,3.857197413478
6,88,10.845835032049,1.084583503205
6,89,58.505449765070,5.850544976507
6,90,117.169364518162,11.716936451816
6,91,39.222727345895,3.922272734589
6,92,19.906632967175,1.990663296718
6,93,77.611881180566,7.761188118057
6,94,28.688588488780,2.868858848878
6,95,44.084928575820,4.408492857582
6,96,114.055097399083,11.405509739908
6,97,35.488902543104,3.548890254310
6,98,182.966742903076,18.296674290308
6,99,587.037123694426,58.703712369443
6,100,137.570824879262,13.757082487926
6,101,214.551385278575,21.455138527857
6,102,63.163170013068,6.316317001307
6,103,66.216289752858,6.621628975286
6,104,139.883646771150,13.988364677115
6,105,93.773599904978,9.377359990498
6,106,110.979332401031,11.097933240103
6,107,21.072164200200,2.107216420020
6,108,576.014945838885,57.601494583888
6,109,301.640592050813,30.164059205081
6,110,176.523156441148,17.652315644115
6,111,111.785389591574,11.178538959157
6,112,20.666259605309,2.066625960531
6,113,439.292255838288,43.929225583829
6,114,48.592112267178,4.859211226718
6,115,21.189121518044,2.118912151804
6,116,29.912054272691,2.991205427269
6,117,180.613190638203,18.061319063820
6,118,65.595592033261,6.559559203326
6,119,66.082490995803,6.608249099580
6,120,27.095388339423,2.709538833942
6,121,63.055851180434,6.305585118043
6,122,52.216493625004,5.221649362500
6,123,42.469238627639,4.246923862764
6,124,82.533727015205,8.253372701520
6,125,17.577746933270,1.757774693327
6,126,292.835110334126,29.283511033413
6,127,230.752383421208,23.075238342121
6,128,348.644116131987,34.864411613199
6,129,41.265930750969,4.126593075097
6,130,52.202605915132,5.220260591513
6,131,133.777562751009,13.377756275101
6,132,71.812363173878,7.181236317388
6,133,214.938220182297,21.493822018230
6,134,489.695470568307,48.969547056831
6,135,103.925723100974,10.392572310097
6,136,119.509599091105,11.950959909110
6,137,1422.266433401239,142.226643340124
6,138,30.734227425064,3.073422742506
6,139,32.607202744575,3.260720274458
6,140,37.706842357469,3.770684235747
6,141,39.194070989330,3.919407098933
6,142,53.256413631422,5.325641363142
6,143,76.571961174148,7.657196117415
6,144,35.223844199830,3.522384419983
6,145,109.415825004497,10.941582500450
6,146,32.001584590549,3.200158459055
6,147,43.379764561104,4.337976456110
6,148,234.863041903820,23.486304190382
6,149,929.142719467148,92.914271946715
6,150,516.694681334882,51.669468133488
6,151,436.688465696646,43.668846569665
6,152,195.710789503547,19.571078950355
6,153,153.360736445708,15.336073644571
6,154,104.970410530184,10.497041053018
6,155,294.140088683817,29.414008868382
6,156,316.884737347199,31.688473734720
6,157,149.178307522150,14.917830752215
6,158,390.270712781136,39.027071278114
6,159,271.436636771736,27.143663677174
6,160,774.672469006221,77.467246900622
6,161,127.738585388648,12.773858538865
6,162,46.092065391077,4.609206539108
6,163,48.479766912688,4.847976691269
6,164,40.770844257980,4.077084425798
6,165,1188.800971852864,118.880097185286
6,166,381.844292996227,38.184429299623
6,167,1586.609964644641,158.660996464464
6,168,101.039722257970,10.103972225797
6,169,28.474728120708,2.847472812071
6,170,125.123394888156,12.512339488816
6,171,35.026669811529,3.502666981153
6,172,369.404791436504,36.940479143650
6,173,38.332877517800,3.833287751780
6,174,277.966192303360,27.796619230336
6,175,126.029671596958,12.602967159696
6,176,365.207127487937,36.520712748794
6,177,466.955019309775,46.695501930977
6,178,527.826095356136,52.782609535614
6,179,281.729606219350,28.172960621935
6,180,263.500484237212,26.350048423721
6,181,238.880165624046,23.888016562405
6,182,431.258215677088,43.125821567709
6,183,195.088589009374,19.508858900937
6,184,385.459450427347,38.545945042735
6,185,220.284159366175,22.028415936617
6,186,329.866377790076,32.986637779008
6,187,45.589931403525,4.558993140353
6,188,41.637323350431,4.163732335043
6,189,76.004845141149,7.600484514115
6,190,136.381715631341,13.638171563134
6,191,189.814679365507,18.981467936551
6,192,94.813623551021,9.481362355102
6,193,27.044656742538,2.704465674254
7,1,49.354039335526,4.935403933553
7,2,59.650715422147,5.965071542215
7,3,273.581365101316,27.358136510132
7,4,63.453546609196,6.345354660920
7,5,71.652861822787,7.165286182279
7,6,60.965198273196,6.096519827320
7,7,411.363062750031,41.136306275003
7,8,939.004840767867,93.900484076787
7,9,237.727177267450,23.772717726745
7,10,522.277228157366,52.227722815737
7,11,432.592513276752,43.259251327675
7,12,237.368701261999,23.736870126200
7,13,255.841849544674,25.584184954467
7,14,274.371467891635,27.437146789164
7,15,81.164428708971,8.116442870897
7,16,349.659556900700,34.965955690070
7,17,377.040738296897,37.704073829690
7,18,393.646177717740,39.364617771774
7,19,370.591835706246,37.059183570625
7,20,191.380660245587,19.138066024559
7,21,577.671598809399,57.767159880940
7,22,466.483582808095,46.648358280810
7,23,272.982187438975,27.298218743897
7,24,446.604367111034,44.660436711103
7,25,361.156819490462,36.115681949046
7,26,426.269034789372,42.626903478937
7,27,24.281012053265,2.428101205326
7,28,96.640041857744,9.664004185774
7,29,469.980583176622,46.998058317662
7,30,365.166034684798,36.516603468480
7,31,296.985099034543,29.698509903454
7,32,122.447817455268,12.244781745527
7,33,353.100405944722,35.310040594472
7,34,789.672172876528,78.967217287653
7,35,481.075011808273,48.107501180827
7,36,554.974989077203,55.497498907720
7,37,680.388467688413,68.038846768841
7,38,275.565095242921,27.556509524292
7,39,531.642652854605,53.164265285461
7,40,805.879718805845,80.587971880584
7,41,145.612709046985,14.561270904698
7,42,888.676042063043,88.867604206304
7,43,463.186910391043,46.318691039104
7,44,142.906236455149,14.290623645515
7,45,261.654281918771,26.165428191877
7,46,823.126940772902,82.312694077290
7,47,2084.853895941765,208.485389594177
7,48,145.427839974820,14.542783997482
7,49,297.535137647530,29.753513764753
7,50,353.821448449462,35.382144844946
7,51,1417.497741621642,141.749774162164
7,52,326.207852630644,32.620785263064
7,53,677.010782244048,67.701078224405
7,54,290.883516557057,29.088351655706
7,55,846.711293914566,84.671129391457
7,56,117.638299797666,11.763829979767
7,57,1333.195372905858,133.319537290586
7,58,997.993268051312,99.799326805131
7,59,90.620853613284,9.062085361328
7,60,131.971762069558,13.197176206956
7,61,631.807691058184,63.180769105818
7,62,743.639136427897,74.363913642790
7,63,103.027055807857,10.302705580786
7,64,375.398750322314,37.539875032231
7,65,89.275931113284,8.927593111328
7,66,25.789448060197,2.578944806020
7,67,20.432919817514,2.043291981751
7,68,32.260237449046,3.226023744905
7,69,33.568345504503,3.356834550450
7,70,185.145366430561,18.514536643056
7,71,208.802126625490,20.880212662549
7,72,72.899134361003,7.289913436100
7,73,236.737808991587,23.673780899159
7,74,67.324747478967,6.732474747897
7,75,139.719794878541,13.971979487854
7,76,62.198349357152,6.219834935715
7,77,256.501906504919,25.650190650492
7,78,62.080203145515,6.208020314552
7,79,113.161971456334,11.316197145633
7,80,30.027199676502,3.002719967650
7,81,163.897907106293,16.389790710629
7,82,71.263839921792,7.126383992179
7,83,187.407515769642,18.740751576964
7,84,273.372431175792,27.337243117579
7,85,176.505393471680,17.650539347168
7,86,172.846367048525,17.284636704853
7,87,39.542219576964,3.954221957696
7,88,11.118652854900,1.111865285490
7,89,59.977104956452,5.997710495645
7,90,120.116660953905,12.011666095390
7,91,40.209341935656,4.020934193566
7,92,20.407367511850,2.040736751185
7,93,79.564142522219,7.956414252222
7,94,29.410225709800,2.941022570980
7,95,45.193847732255,4.519384773226
7,96,116.924057074891,11.692405707489
7,97,36.381595922503,3.638159592250
7,98,187.569116837896,18.756911683790
7,99,601.803546892406,60.180354689241
7,100,141.031302824980,14.103130282498
7,101,219.948244224731,21.994824422473
7,102,64.751986224671,6.475198622467
7,103,67.881904613699,6.788190461370
7,104,143.402301798792,14.340230179879
7,105,96.132395635443,9.613239563544
7,106,113.770923805250,11.377092380525
7,107,21.602216698957,2.160221669896
7,108,590.504115459180,59.050411545918
7,109,309.228106461963,30.922810646196
7,110,180.963447398982,18.096344739898
7,111,114.597256683849,11.459725668385
7,112,21.186101916696,2.118610191670
7,113,450.342281629638,45.034228162964
7,114,49.814405823854,4.981440582385
7,115,21.722115979382,2.172211597938
7,116,30.664466742505,3.066446674251
7,117,185.156362952957,18.515636295296
7,118,67.245593767034,6.724559376703
7,119,67.744740261880,6.774474026188
7,120,27.776949955860,2.777694995586
7,121,64.641967877415,6.464196787741
7,122,53.529955434590,5.352995543459
7,123,43.537516467591,4.353751646759
7,124,84.609793233203,8.460979323320
7,125,18.019900316092,1.801990031609
7,126,300.201130287357,30.020113028736
7,127,236.556764796778,23.655676479678
7,128,357.413964505274,35.741396450527
7,129,42.303940397263,4.230394039726
7,130,53.515718391101,5.351571839110
7,131,137.142624390627,13.714262439063
7,132,73.618742536734,7.361874253673
7,133,220.344809633844,22.034480963384
7,134,502.013346669631,50.201334666963
7,135,106.539886918770,10.653988691877
7,136,122.515762151618,12.251576215162
7,137,1458.042344682135,145.804234468214
7,138,31.507320966347,3.150732096635
7,139,33.427409398626,3.342740939863
7,140,38.655326140242,3.865532614024
7,141,40.179964752637,4.017996475264
7,142,54.596033750741,5.459603375074
7,143,78.498064206067,7.849806420607
7,144,36.109870260398,3.610987026040
7,145,112.168087700261,11.216808770026
7,146,32.806557431272,3.280655743127
7,147,44.470945912134,4.447094591213
7,148,240.770823422800,24.077082342280
7,149,952.514520079397,95.251452007940
7,150,529.691699787002,52.969169978700
7,151,447.672995345422,44.767299534542
7,152,200.633729170519,20.063372917052
7,153,157.218396285105,15.721839628511
7,154,107.610852578209,10.761085257821
7,155,301.538934265613,30.153893426561
7,156,324.855705362307,32.485570536231
7,157,152.930761893294,15.293076189329
7,158,400.087643046867,40.008764304687
7,159,278.264396189715,27.826439618972
7,160,794.158700890807,79.415870089081
7,161,130.951741651559,13.095174165156
7,162,47.251472379429,4.725147237943
7,163,49.699234516827,4.969923451683
7,164,41.796400421555,4.179640042155
7,165,1218.704256568614,121.870425656861
7,166,391.449263786884,39.144926378688
7,167,1626.519798695052,162.651979869505
7,168,103.581291161275,10.358129116128
7,169,29.190985864735,2.919098586474
7,170,128.270768242091,12.827076824209
7,171,35.907736116839,3.590773611684
7,172,378.696857068374,37.869685706837
7,173,39.297108686456,3.929710868646
7,174,284.958197177688,28.495819717769
7,175,129.199841576313,12.919984157631
7,176,374.393604427362,37.439360442736
7,177,478.700878559961,47.870087855996
7,178,541.103115129460,54.110311512946
7,179,288.816276593199,28.881627659320
7,180,270.128616438856,27.012861643886
7,181,244.888994498460,24.488899449846
7,182,442.106151971503,44.210615197150
7,183,199.995877748253,19.999587774825
7,184,395.155357450825,39.515535745082
7,185,225.825221404195,22.582522140420
7,186,338.163888009836,33.816388800984
7,187,46.736707635383,4.673670763538
7,188,42.684675063989,4.268467506399
7,189,77.916682848087,7.791668284809
7,190,139.812282537920,13.981228253792
7,191,194.589307360174,19.458930736017
7,192,97.198580198187,9.719858019819
7,193,27.724942248489,2.772494224849
8,1,51.674337154276,5.167433715428
8,2,62.455094288485,6.245509428848
8,3,286.443336547663,28.644333654766
8,4,66.436709239277,6.643670923928
8,5,75.021501578176,7.502150157818
8,6,63.831375357737,6.383137535774
8,7,430.702610841011,43.070261084101
8,8,983.150586752669,98.315058675267
8,9,248.903523890701,24.890352389070
8,10,546.831220689532,54.683122068953
8,11,452.930128565749,45.293012856575
8,12,248.528194733923,24.852819473392
8,13,267.869827263134,26.786982726313
8,14,287.270584702488,28.727058470249
8,15,84.980238912737,8.498023891274
8,16,366.098217608215,36.609821760821
8,17,394.766679565917,39.476667956592
8,18,412.152796017179,41.215279601718
8,19,388.014592579098,38.801459257910
8,20,200.378102694016,20.037810269402
8,21,604.829865259676,60.482986525968
8,22,488.414530188394,48.841453018839
8,23,285.815989547175,28.581598954717
8,24,467.600726331147,46.760072633115
8,25,378.136004816991,37.813600481699
8,26,446.309362287162,44.630936228716
8,27,25.422543325330,2.542254332533
8,28,101.183412194711,10.118341219471
8,29,492.075936194971,49.207593619497
8,30,382.333706574849,38.233370657485
8,31,310.947357985763,31.094735798576
8,32,128.204497305132,12.820449730513
8,33,369.700832429445,36.970083242945
8,34,826.797292621988,82.679729262199
8,35,503.691950879169,50.369195087917
8,36,581.066212287177,58.106621228718
8,37,712.375796359690,71.237579635969
8,38,288.520328452287,28.852032845229
8,39,556.636945203954,55.663694520395
8,40,843.766809283051,84.376680928305
8,41,152.458447627513,15.245844762751
8,42,930.455663543603,93.045566354360
8,43,484.962870217712,48.496287021771
8,44,149.624734742159,14.962473474216
8,45,273.955521448033,27.395552144803
8,46,861.824880616208,86.182488061621
8,47,2182.869823559782,218.286982355978
8,48,152.264887244349,15.226488724435
8,49,311.523255746474,31.152325574647
8,50,370.455773544583,37.045577354458
8,51,1484.139033038722,148.413903303872
8,52,341.543970587932,34.154397058793
8,53,708.839314669373,70.883931466937
8,54,304.558919787772,30.455891978777
8,55,886.518012773491,88.651801277349
8,56,123.168868198895,12.316886819889
8,57,1395.873329104984,139.587332910498
8,58,1044.912256530550,104.491225653055
8,59,94.881241857147,9.488124185715
8,60,138.176194286037,13.817619428604
8,61,661.511075566714,66.151107556671
8,62,778.600089764685,77.860008976468
8,63,107.870700949810,10.787070094981
8,64,393.047496266147,39.304749626615
8,65,93.473090069633,9.347309006963
8,66,27.001895934505,2.700189593450
8,67,21.393539453142,2.139353945314
8,68,33.776898690825,3.377689869082
8,69,35.146505264106,3.514650526411
8,70,193.849666943030,19.384966694303
8,71,218.618610250385,21.861861025039
8,72,76.326365540537,7.632636554054
8,73,247.867642115978,24.786764211598
8,74,70.489908159360,7.048990815936
8,75,146.288487930978,14.628848793098
8,76,65.122500982557,6.512250098256
8,77,268.560915700147,26.856091570015
8,78,64.998800323891,6.499880032389
8,79,118.482092748750,11.848209274875
8,80,31.438878372929,3.143887837293
8,81,171.603293767173,17.160329376717
8,82,74.614190461536,7.461419046154
8,83,196.218167459194,19.621816745919
8,84,286.224579942209,28.622457994221
8,85,184.803500070125,18.480350007013
8,86,180.972450624282,18.097245062428
8,87,41.401231059474,4.140123105947
8,88,11.641377768889,1.164137776889
8,89,62.796828482208,6.279682848221
8,90,125.763745370080,12.576374537008
8,91,42.099717062856,4.209971706286
8,92,21.366785848458,2.136678584846
8,93,83.304717940778,8.330471794078
8,94,30.792898404521,3.079289840452
8,95,47.318561083501,4.731856108350
8,96,122.421046546127,12.242104654613
8,97,38.092015956976,3.809201595698
8,98,196.387365932063,19.638736593206
8,99,630.096336620881,63.009633662088
8,100,147.661654235443,14.766165423544
8,101,230.288743972750,23.028874397275
8,102,67.796192827002,6.779619282700
8,103,71.073259107239,7.107325910724
8,104,150.144121770315,15.014412177031
8,105,100.651899832208,10.065189983221
8,106,119.119673976395,11.911967397639
8,107,22.617808876651,2.261780887665
8,108,618.265681270410,61.826568127041
8,109,323.765949981564,32.376594998156
8,110,189.471141965153,18.947114196515
8,111,119.984855516655,11.998485551666
8,112,22.182131152134,2.218213115213
8,113,471.514372664633,47.151437266463
8,114,52.156347004993,5.215634700499
8,115,22.743345021709,2.274334502171
8,116,32.106105486845,3.210610548685
8,117,193.861180448580,19.386118044858
8,118,70.407033167718,7.040703316772
8,119,70.929646202260,7.092964620226
8,120,29.082836915911,2.908283691591
8,121,67.681002150700,6.768100215070
8,122,56.046576981781,5.604657698178
8,123,45.584360167796,4.558436016780
8,124,88.587581501947,8.858758150195
8,125,18.867075865661,1.886707586566
8,126,314.314585582411,31.431458558241
8,127,247.678086430397,24.767808643040
8,128,374.217185749127,37.421718574913
8,129,44.292789576578,4.429278957658
8,130,56.031670607445,5.603167060745
8,131,143.590156072239,14.359015607224
8,132,77.079804894080,7.707980489408
8,133,230.703953242955,23.070395324296
8,134,525.614666621225,52.561466662122
8,135,111.548681954714,11.154868195471
8,136,128.275636308025,12.827563630802
8,137,1526.589772968860,152.658977296886
8,138,32.988585095832,3.298858509583
8,139,34.998943282343,3.499894328234
8,140,40.472641807487,4.047264180749
8,141,42.068958760588,4.206895876059
8,142,57.162775191357,5.716277519136
8,143,82.188519731202,8.218851973120
8,144,37.807515566205,3.780751556621
8,145,117.441483206047,11.744148320605
8,146,34.348902995553,3.434890299555
8,147,46.561673240372,4.656167324037
8,148,252.090261992129,25.209026199213
8,149,997.295401097938,99.729540109794
8,150,554.594271332782,55.459427133278
8,151,468.719594339111,46.871959433911
8,152,210.066189216946,21.006618921695
8,153,164.609756888598,16.460975688860
8,154,112.669997277868,11.266999727787
8,155,315.715284182757,31.571528418276
8,156,340.128254371651,34.012825437165
8,157,160.120546519199,16.012054651920
8,158,418.897096092031,41.889709609203
8,159,291.346532529673,29.134653252967
8,160,831.494747265687,83.149474726569
8,161,137.108219309853,13.710821930985
8,162,49.472921520590,4.947292152059
8,163,52.035761111114,5.203576111111
8,164,43.761388455674,4.376138845567
8,165,1275.999603946248,127.599960394625
8,166,409.852597843119,40.985259784312
8,167,1702.987913400111,170.298791340011
8,168,108.450992753702,10.845099275370
8,169,30.563351363913,3.056335136391
8,170,134.301204408384,13.430120440838
8,171,37.595878423120,3.759587842312
8,172,396.500657998423,39.650065799842
8,173,41.144596689383,4.114459668938
8,174,298.355031403384,29.835503140338
8,175,135.273956575380,13.527395657538
8,176,391.995095113895,39.199509511390
8,177,501.206201717112,50.120620171711
8,178,566.542175329146,56.654217532915
8,179,302.394491985927,30.239449198593
8,180,282.828262667287,28.282826266729
8,181,256.402042010294,25.640204201029
8,182,462.891035111501,46.289103511150
8,183,209.398350274233,20.939835027423
8,184,413.732927317550,41.373292731755
8,185,236.442017429357,23.644201742936
8,186,354.062099023432,35.406209902343
8,187,48.933955970920,4.893395597092
8,188,44.691423848455,4.469142384845
8,189,81.579805698632,8.157980569863
8,190,146.385323743359,14.638532374336
8,191,203.737598999497,20.373759899950
8,192,101.768209283383,10.176820928338
8,193,29.028384152947,2.902838415295
9,1,55.041485548029,5.504148554803
9,2,66.524726953289,6.652472695329
9,3,305.108253674283,30.510825367428
9,4,70.765787677833,7.076578767783
9,5,79.909973157050,7.990997315705
9,6,67.990687791008,6.799068779101
9,7,458.767597914741,45.876759791474
9,8,1047.213603354463,104.721360335446
9,9,265.122311529249,26.512231152925
9,10,582.463257166387,58.246325716639
9,11,482.443481592980,48.244348159298
9,12,264.722525571727,26.472252557173
9,13,285.324477061756,28.532447706176
9,14,305.989406096664,30.598940609666
9,15,90.517631179645,9.051763117965
9,16,389.953521677135,38.995352167714
9,17,420.490047570404,42.049004757040
9,18,439.009059716248,43.900905971625
9,19,413.297988247138,41.329798824714
9,20,213.434928263253,21.343492826325
9,21,644.241147947685,64.424114794769
9,22,520.240080188181,52.024008018818
9,23,304.440028153404,30.444002815340
9,24,498.070029302228,49.807002930223
9,25,402.775702418495,40.277570241849
9,26,475.391299958763,47.539129995876
9,27,27.079100150963,2.707910015096
9,28,107.776618467074,10.777661846707
9,29,524.140066852640,52.414006685264
9,30,407.246930369621,40.724693036962
9,31,331.208980188240,33.120898018824
9,32,136.558422888812,13.655842288881
9,33,393.790886267335,39.379088626734
9,34,880.672181573141,88.067218157314
9,35,536.512991975166,53.651299197517
9,36,618.929033004650,61.892903300465
9,37,758.794873034042,75.879487303404
9,38,307.320584324223,30.732058432422
9,39,592.907931909619,59.290793190962
9,40,898.747447894764,89.874744789476
9,41,162.392783418030,16.239278341803
9,42,991.085029404748,99.108502940475
9,43,516.563506808520,51.656350680852
9,44,159.374423136779,15.937442313678
9,45,291.806720801580,29.180672080158
9,46,917.982200134387,91.798220013439
9,47,2325.107673621143,232.510767362114
9,48,162.186610458312,16.218661045831
9,49,331.822403988504,33.182240398850
9,50,394.595020055339,39.459502005534
9,51,1580.846927835360,158.084692783536
9,52,363.799296834838,36.379929683484
9,53,755.027950871746,75.502795087175
9,54,324.404265350788,32.440426535079
9,55,944.284359999793,94.428435999979
9,56,131.194667455459,13.119466745546
9,57,1486.829747644915,148.682974764491
9,58,1112.999721604072,111.299972160407
9,59,101.063792784945,10.106379278495
9,60,147.179885020492,14.717988502049
9,61,704.615759210627,70.461575921063
9,62,829.334403662116,82.933440366212
9,63,114.899657244918,11.489965724492
9,64,418.658840670426,41.865884067043
9,65,99.563884502997,9.956388450300
9,66,28.761364861076,2.876136486108
9,67,22.787562598350,2.278756259835
9,68,35.977833166930,3.597783316693
9,69,37.436684592245,3.743668459225
9,70,206.481093500626,20.648109350063
9,71,232.864004441921,23.286400444192
9,72,81.299863282046,8.129986328205
9,73,264.018930724137,26.401893072414
9,74,75.083096850411,7.508309685041
9,75,155.820783346605,15.582078334660
9,76,69.365944375472,6.936594437547
9,77,286.060597471094,28.606059747109
9,78,69.234183265583,6.923418326558
9,79,126.202497310425,12.620249731042
9,80,33.487465246888,3.348746524689
9,81,182.785125732346,18.278512573235
9,82,79.476121265092,7.947612126509
9,83,209.003927737313,20.900392773731
9,84,304.875242682740,30.487524268274
9,85,196.845469888977,19.684546988898
9,86,192.764785659248,19.276478565925
9,87,44.098974201202,4.409897420120
9,88,12.399940889661,1.239994088966
9,89,66.888728868377,6.688872886838
9,90,133.958629262851,13.395862926285
9,91,44.842974209288,4.484297420929
9,92,22.759065703631,2.275906570363
9,93,88.732931685811,8.873293168581
9,94,32.799392616381,3.279939261638
9,95,50.401883013133,5.040188301313
9,96,130.398117040686,13.039811704069
9,97,40.574127531265,4.057412753126
9,98,209.184151341757,20.918415134176
9,99,671.154006338600,67.115400633860
9,100,157.283426458535,15.728342645854
9,101,245.294575050023,24.529457505002
9,102,72.213856494335,7.221385649434
9,103,75.704459494526,7.570445949453
9,104,159.927653912022,15.992765391202
9,105,107.210472259297,10.721047225930
9,106,126.881623930323,12.688162393032
9,107,24.091606568567,2.409160656857
9,108,658.552454362181,65.855245436218
9,109,344.862843690669,34.486284369067
9,110,201.817259718453,20.181725971845
9,111,127.803181513201,12.780318151320
9,112,23.627539673891,2.362753967389
9,113,502.238692510457,50.223869251046
9,114,55.554903613809,5.555490361381
9,115,24.225322766867,2.422532276687
9,116,34.198169506882,3.419816950688
9,117,206.493357237023,20.649335723702
9,118,74.994821646394,7.499482164639
9,119,75.551488637632,7.555148863763
9,120,30.977901913355,3.097790191336
9,121,72.091159885261,7.209115988526
9,122,59.698624633521,5.969862463352
9,123,48.554679935246,4.855467993525
9,124,94.360031603631,9.436003160363
9,125,20.096472268100,2.009647226810
9,126,334.795619500990,33.479561950099
9,127,263.817023411862,26.381702341186
9,128,398.601529415652,39.860152941565
9,129,47.178949389955,4.717894938996
9,130,59.682746945819,5.968274694582
9,131,152.946625646950,15.294662564695
9,132,82.102397452259,8.210239745226
9,133,245.736839746659,24.573683974666
9,134,559.864212486952,55.986421248695
9,135,118.817298950181,11.881729895018
9,136,136.634197376019,13.663419737602
9,137,1626.063797891999,162.606379789200
9,138,35.138152316906,3.513815231691
9,139,37.279507333012,3.727950733301
9,140,43.109877200486,4.310987720049
9,141,44.810211667126,4.481021166713
9,142,60.887555367895,6.088755536790
9,143,87.544000951437,8.754400095144
9,144,40.271088827541,4.027108882754
9,145,125.094080671527,12.509408067153
9,146,36.587109809959,3.658710980996
9,147,49.595675646512,4.959567564651
9,148,268.516700481572,26.851670048157
9,149,1062.280107101580,106.228010710158
9,150,590.732155488457,59.073215548846
9,151,499.261803801563,49.926180380156
9,152,223.754299612863,22.375429961286
9,153,175.335883415362,17.533588341536
9,154,120.011680234064,12.001168023406
9,155,336.287588939087,33.628758893909
9,156,362.291331218831,36.229133121883
9,157,170.554151877488,17.055415187749
9,158,446.192824725043,44.619282472504
9,159,310.330946516519,31.033094651652
9,160,885.675726778022,88.567572677802
9,161,146.042319790738,14.604231979074
9,162,52.696623601857,5.269662360186
9,163,55.426460229709,5.542646022971
9,164,46.612921672384,4.661292167238
9,165,1359.144937848241,135.914493784824
9,166,436.558978466495,43.655897846650
9,167,1813.956207005221,181.395620700522
9,168,115.517761408349,11.551776140835
9,169,32.554888074784,3.255488807478
9,170,143.052397159103,14.305239715910
9,171,40.045661209229,4.004566120923
9,172,422.337013667878,42.233701366788
9,173,43.825617294266,4.382561729427
9,174,317.796125766309,31.779612576631
9,175,144.088534771893,14.408853477189
9,176,417.537864069614,41.753786406961
9,177,533.865269060580,53.386526906058
9,178,603.458596142775,60.345859614277
9,179,322.098801398355,32.209880139836
9,180,301.257618180929,30.125761818093
9,181,273.109440139704,27.310944013970
9,182,493.053450174606,49.305345017461
9,183,223.042943656733,22.304294365673
9,184,440.692153857808,44.069215385781
9,185,251.848801590438,25.184880159044
9,186,377.133118288877,37.713311828888
9,187,52.122538550228,5.212253855023
9,188,47.603559045788,4.760355904579
9,189,86.895622540186,8.689562254019
9,190,155.923929071567,15.592392907157
9,191,217.013332506635,21.701333250663
9,192,108.399521483878,10.839952148388
9,193,30.919900957158,3.091990095716
10,1,58.992463297397,5.899246329740
10,2,71.299992616238,7.129999261624
10,3,327.009477985602,32.700947798560
10,4,75.845484378381,7.584548437838
10,5,85.646056090724,8.564605609072
10,6,72.871182784045,7.287118278405
10,7,491.698768893229,49.169876889323
10,8,1122.384496808611,112.238449680861
10,9,284.153272326973,28.415327232697
10,10,624.273527110513,62.427352711051
10,11,517.074150480690,51.707415048069
10,12,283.724789007689,28.372478900769
10,13,305.805585974366,30.580558597437
10,14,327.953881128417,32.795388112842
10,15,97.015151062247,9.701515106225
10,16,417.945093345193,41.794509334519
10,17,450.673586499993,45.067358649999
10,18,470.521926955202,47.052192695520
10,19,442.965268102767,44.296526810277
10,20,228.755674862111,22.875567486211
10,21,690.485947037410,69.048594703741
10,22,557.583857535166,55.758385753517
10,23,326.293286023805,32.629328602381
10,24,533.822400151357,53.382240015136
10,25,431.687673496254,43.168767349625
10,26,509.515750446953,50.951575044695
10,27,29.022887116451,2.902288711645
10,28,115.513019787383,11.551301978738
10,29,561.763792322040,56.176379232204
10,30,436.479854306325,43.647985430633
10,31,354.983762029342,35.498376202934
10,32,146.360834378082,14.636083437808
10,33,422.057910931640,42.205791093164
10,34,943.888429449420,94.388842944942
10,35,575.024868470414,57.502486847041
10,36,663.356882534717,66.335688253472
10,37,813.262546459680,81.326254645968
10,38,329.380613745635,32.938061374564
10,39,635.467939567017,63.546793956702
10,40,963.261171199614,96.326117119961
10,41,174.049632203165,17.404963220316
10,42,1062.226911930665,106.222691193067
10,43,553.643373044234,55.364337304423
10,44,170.814608541701,17.081460854170
10,45,312.753136937042,31.275313693704
10,46,983.876628871816,98.387662887182
10,47,2492.008123198321,249.200812319832
10,48,173.828659774133,17.382865977413
10,49,355.641218503537,35.564121850354
10,50,422.919766902690,42.291976690269
10,51,1694.322990024562,169.432299002456
10,52,389.913470765989,38.991347076599
10,53,809.225227786485,80.922522778649
10,54,347.690592408269,34.769059240827
10,55,1012.066805518634,101.206680551863
10,56,140.612058842905,14.061205884290
10,57,1593.557085970793,159.355708597079
10,58,1192.892862047624,119.289286204762
10,59,108.318335292008,10.831833529201
10,60,157.744724342699,15.774472434270
10,61,755.194357494752,75.519435749475
10,62,888.865532646546,88.886553264655
10,63,123.147363219143,12.314736321914
10,64,448.710932244547,44.871093224455
10,65,106.710760870800,10.671076087080
10,66,30.825907841269,3.082590784127
10,67,24.423295207890,2.442329520789
10,68,38.560387342162,3.856038734216
10,69,40.123957771037,4.012395777104
10,70,221.302681216936,22.130268121694
10,71,249.579405398458,24.957940539846
10,72,87.135715051957,8.713571505196
10,73,282.970688844705,28.297068884471
10,74,80.472697840572,8.047269784057
10,75,167.005882036470,16.700588203647
10,76,74.345157782643,7.434515778264
10,77,306.594546442965,30.659454644296
10,78,74.203938621101,7.420393862110
10,79,135.261541662581,13.526154166258
10,80,35.891256292058,3.589125629206
10,81,195.905773866992,19.590577386699
10,82,85.181061522390,8.518106152239
10,83,224.006609074830,22.400660907483
10,84,326.759741042101,32.675974104210
10,85,210.975395050910,21.097539505091
10,86,206.601791899510,20.660179189951
10,87,47.264478622170,4.726447862217
10,88,13.290031156316,1.329003115632
10,89,71.690123249563,7.169012324956
10,90,143.574422846248,14.357442284625
10,91,48.061884301418,4.806188430142
10,92,24.392752754337,2.439275275434
10,93,95.102342598983,9.510234259898
10,94,35.153792559076,3.515379255908
10,95,54.019821670283,5.401982167028
10,96,139.758330593383,13.975833059338
10,97,43.486612059615,4.348661205961
10,98,224.199769456760,22.419976945676
10,99,719.330659258498,71.933065925850
10,100,168.573516326109,16.857351632611
10,101,262.902264930006,26.290226493001
10,102,77.397498203209,7.739749820321
10,103,81.138663023241,8.113866302324
10,104,171.407551226270,17.140755122627
10,105,114.906234577087,11.490623457709
10,106,135.989417224074,13.598941722407
10,107,25.820945821517,2.582094582152
10,108,705.824545005632,70.582454500563
10,109,369.617724639815,36.961772463981
10,110,216.304068979628,21.630406897963
10,111,136.977125883152,13.697712588315
10,112,25.323567362722,2.532356736272
10,113,538.290297572042,53.829029757204
10,114,59.542735443946,5.954273544395
10,115,25.964260411266,2.596426041127
10,116,36.652976193974,3.665297619397
10,117,221.315825266594,22.131582526659
10,118,80.378086082165,8.037808608216
10,119,80.974711640551,8.097471164055
10,120,33.201551946837,3.320155194684
10,121,77.265994208806,7.726599420881
10,122,63.983900280544,6.398390028054
10,123,52.040023002239,5.204002300224
10,124,101.133365963771,10.113336596377
10,125,21.539033528602,2.153903352860
10,126,358.827856822782,35.882785682278
10,127,282.754288259032,28.275428825903
10,128,427.213870777897,42.721387077790
10,129,50.565540021046,5.056554002105
10,130,63.966882863595,6.396688286360
10,131,163.925412079680,16.392541207968
10,132,87.995856581747,8.799585658175
10,133,263.376276189410,26.337627618941
10,134,600.052281979974,60.005228197997
10,135,127.346220357699,12.734622035770
10,136,146.442048095534,14.644204809553
10,137,1742.785609095986,174.278560909599
10,138,37.660432676452,3.766043267645
10,139,39.955498042812,3.995549804281
10,140,46.204382443236,4.620438244324
10,141,48.026770004506,4.802677000451
10,142,65.258174621295,6.525817462130
10,143,93.828068258231,9.382806825823
10,144,43.161820687632,4.316182068763
10,145,134.073560865236,13.407356086524
10,146,39.213398968646,3.921339896865
10,147,53.155743275378,5.315574327538
10,148,287.791316680123,28.779131668012
10,149,1138.532501544899,113.853250154490
10,150,633.135981964660,63.313598196466
10,151,535.099722387682,53.509972238768
10,152,239.815789419936,23.981578941994
10,153,187.921811413896,18.792181141390
10,154,128.626336498298,12.862633649830
10,155,360.426922535516,36.042692253552
10,156,388.297260640657,38.829726064066
10,157,182.796838505964,18.279683850596
10,158,478.221355657007,47.822135565701
10,159,332.607065200801,33.260706520080
10,160,949.251138212035,94.925113821204
10,161,156.525502615732,15.652550261573
10,162,56.479282904104,5.647928290410
10,163,59.405072160572,5.940507216057
10,164,49.958881806399,4.995888180640
10,165,1456.706828740861,145.670682874086
10,166,467.895974425713,46.789597442571
10,167,1944.165276416178,194.416527641618
10,168,123.809836021468,12.380983602147
10,169,34.891737037634,3.489173703763
10,170,153.320957909996,15.332095791000
10,171,42.920211465659,4.292021146566
10,172,452.653131176739,45.265313117674
10,173,46.971499660229,4.697149966023
10,174,340.608108568670,34.060810856867
10,175,154.431471361531,15.443147136153
10,176,447.509489908422,44.750948990842
10,177,572.187087198612,57.218708719861
10,178,646.775949631435,64.677594963143
10,179,345.219638068225,34.521963806823
10,180,322.882436886482,32.288243688648
10,181,292.713731528110,29.271373152811
10,182,528.445721867366,52.844572186737
10,183,239.053371041951,23.905337104195
10,184,472.325836649561,47.232583664956
10,185,269.926965749371,26.992696574937
10,186,404.204418128865,40.420441812887
10,187,55.863988985334,5.586398898533
10,188,51.020628928768,5.102062892877
10,189,93.133148067620,9.313314806762
10,190,167.116431748811,16.711643174881
10,191,232.590943457955,23.259094345795
10,192,116.180635913488,11.618063591349
10,193,33.139387576716,3.313938757672
11,1,62.171810817400,6.217181081740
11,2,75.142643728430,7.514264372843
11,3,344.633369492044,34.463336949204
11,4,79.933110817138,7.993311081714
11,5,90.261875821074,9.026187582107
11,6,76.798511824302,7.679851182430
11,7,518.198446548463,51.819844654846
11,8,1182.874433437107,118.287443343711
11,9,299.467465889618,29.946746588962
11,10,657.918206096311,65.791820609631
11,11,544.941412264638,54.494141226464
11,12,299.015889834374,29.901588983437
11,13,322.286712156015,32.228671215602
11,14,345.628670421154,34.562867042115
11,15,102.243698281534,10.224369828153
11,16,440.469880779915,44.046988077992
11,17,474.962247618385,47.496224761839
11,18,495.880297125822,49.588029712582
11,19,466.838496102931,46.683849610293
11,20,241.084263073337,24.108426307334
11,21,727.699086828561,72.769908682856
11,22,587.634354760740,58.763435476074
11,23,343.878578987140,34.387857898714
11,24,562.592294289991,56.259229428999
11,25,454.953105340101,45.495310534010
11,26,536.975658832531,53.697565883253
11,27,30.587050384424,3.058705038442
11,28,121.738493559137,12.173849355914
11,29,592.039563498821,59.203956349882
11,30,460.003556568499,46.000355656850
11,31,374.115303252832,37.411530325283
11,32,154.248824297399,15.424882429740
11,33,444.804355094405,44.480435509441
11,34,994.758475716196,99.475847571620
11,35,606.015333816726,60.601533381673
11,36,699.107924981132,69.910792498113
11,37,857.092624331883,85.709262433188
11,38,347.132295552343,34.713229555234
11,39,669.715931679478,66.971593167948
11,40,1015.175294539908,101.517529453991
11,41,183.429885807984,18.342988580798
11,42,1119.474707824558,111.947470782456
11,43,583.481501284118,58.348150128412
11,44,180.020513358890,18.002051335889
11,45,329.608695337463,32.960869533746
11,46,1036.901804379798,103.690180437980
11,47,2626.312734388677,262.631273438868
11,48,183.197004262008,18.319700426201
11,49,374.808192772096,37.480819277210
11,50,445.712660043697,44.571266004370
11,51,1785.637054488396,178.563705448840
11,52,410.927518273145,41.092751827314
11,53,852.837717878935,85.283771787894
11,54,366.429074595882,36.642907459588
11,55,1066.611266087805,106.661126608781
11,56,148.190223502872,14.819022350287
11,57,1679.440459643853,167.944045964385
11,58,1257.182785719075,125.718278571907
11,59,114.156057798108,11.415605779811
11,60,166.246239114242,16.624623911424
11,61,795.894900808515,79.589490080851
11,62,936.770167728308,93.677016772831
11,63,129.784283292677,12.978428329268
11,64,472.893817818219,47.289381781822
11,65,112.461844551131,11.246184455113
11,66,32.487243343618,3.248724334362
11,67,25.739567468942,2.573956746894
11,68,40.638565892676,4.063856589268
11,69,42.286403590411,4.228640359041
11,70,233.229596815461,23.322959681546
11,71,263.030270462309,26.303027046231
11,72,91.831818656879,9.183181865688
11,73,298.221148098738,29.822114809874
11,74,84.809703925868,8.480970392587
11,75,176.006518850055,17.600651885006
11,76,78.351925423941,7.835192542394
11,77,323.118192963128,32.311819296313
11,78,78.203095378467,7.820309537847
11,79,142.551344850977,14.255134485098
11,80,37.825584345231,3.782558434523
11,81,206.463945224549,20.646394522455
11,82,89.771820774757,8.977182077476
11,83,236.079250514399,23.607925051440
11,84,344.370173193100,34.437017319310
11,85,222.345730540297,22.234573054030
11,86,217.736415849565,21.773641584956
11,87,49.811756604682,4.981175660468
11,88,14.006285830826,1.400628583083
11,89,75.553800113050,7.555380011305
11,90,151.312241538627,15.131224153863
11,91,50.652137769731,5.065213776973
11,92,25.707378956409,2.570737895641
11,93,100.227800669182,10.022780066918
11,94,37.048375645528,3.704837564553
11,95,56.931172993122,5.693117299312
11,96,147.290484311593,14.729048431159
11,97,45.830285208303,4.583028520830
11,98,236.282821107175,23.628282110717
11,99,758.098359736546,75.809835973655
11,100,177.658639426797,17.765863942680
11,101,277.071153925108,27.707115392511
11,102,81.568769077699,8.156876907770
11,103,85.511560723051,8.551156072305
11,104,180.645412173926,18.064541217393
11,105,121.099006187485,12.109900618749
11,106,143.318448633025,14.331844863302
11,107,27.212543247242,2.721254324724
11,108,743.864345198549,74.386434519855
11,109,389.537950555091,38.953795055509
11,110,227.961588717532,22.796158871753
11,111,144.359388991548,14.435938899155
11,112,26.688359008842,2.668835900884
11,113,567.300985157670,56.730098515767
11,114,62.751739402868,6.275173940287
11,115,27.363581652204,2.736358165220
11,116,38.628356479004,3.862835647900
11,117,233.243449252247,23.324344925225
11,118,84.709993148999,8.470999314900
11,119,85.338773323134,8.533877332313
11,120,34.990920722816,3.499092072282
11,121,81.430177789849,8.143017778985
11,122,67.432256957083,6.743225695708
11,123,54.844674797147,5.484467479715
11,124,106.583860794705,10.658386079470
11,125,22.699861014092,2.269986101409
11,126,378.166572193020,37.816657219302
11,127,297.993084791644,29.799308479164
11,128,450.238190913865,45.023819091387
11,129,53.290725837632,5.329072583763
11,130,67.414322401244,6.741432240124
11,131,172.760029643175,17.276002964317
11,132,92.738316766590,9.273831676659
11,133,277.570711609221,27.757071160922
11,134,632.391578017972,63.239157801797
11,135,134.209434186132,13.420943418613
11,136,154.334414957544,15.433441495754
11,137,1836.711524280154,183.671152428015
11,138,39.690108952699,3.969010895270
11,139,42.108864871597,4.210886487160
11,140,48.694527463857,4.869452746386
11,141,50.615131018315,5.061513101832
11,142,68.775207205546,6.877520720555
11,143,98.884850420719,9.888485042072
11,144,45.487989487708,4.548798948771
11,145,141.299338861417,14.129933886142
11,146,41.326771013027,4.132677101303
11,147,56.020525844373,5.602052584437
11,148,303.301579480181,30.330157948018
11,149,1199.892720849209,119.989272084921
11,150,667.258295249600,66.725829524960
11,151,563.938456697708,56.393845669771
11,152,252.740452889338,25.274045288934
11,153,198.049694056485,19.804969405649
11,154,135.558541073166,13.555854107317
11,155,379.851818162077,37.985181816208
11,156,409.224203908279,40.922420390828
11,157,192.648515189449,19.264851518945
11,158,503.994679843449,50.399467984345
11,159,350.532633803534,35.053263380353
11,160,1000.410203005110,100.041020300511
11,161,164.961308492320,16.496130849232
11,162,59.523184751828,5.952318475183
11,163,62.606656876525,6.260665687652
11,164,52.651372305949,5.265137230595
11,165,1535.214776781288,153.521477678129
11,166,493.112821167820,49.311282116782
11,167,2048.944373686435,204.894437368643
11,168,130.482459490714,13.048245949071
11,169,36.772196869596,3.677219686960
11,170,161.584057635774,16.158405763577
11,171,45.233358946778,4.523335894678
11,172,477.048478134422,47.704847813442
11,173,49.502987796310,4.950298779631
11,174,358.964886447422,35.896488644742
11,175,162.754421244273,16.275442124427
11,176,471.627624791950,47.162762479195
11,177,603.024612790512,60.302461279051
11,178,681.633377114872,68.163337711487
11,179,363.824950319986,36.382495031999
11,180,340.283905101031,34.028390510103
11,181,308.489283596739,30.848928359674
11,182,556.925844604492,55.692584460449
11,183,251.936944635735,25.193694463574
11,184,497.781426964798,49.778142696480
11,185,284.474444887695,28.447444488769
11,186,425.988663819264,42.598866381926
11,187,58.874730102256,5.887473010226
11,188,53.770341366371,5.377034136637
11,189,98.152478110614,9.815247811061
11,190,176.123026543028,17.612302654303
11,191,245.126230135683,24.512623013568
11,192,122.442090275917,12.244209027592
11,193,34.925406058014,3.492540605801
12,1,64.196101707443,6.419610170744
12,2,77.589260083226,7.758926008323
12,3,355.854503010519,35.585450301052
12,4,82.535702987328,8.253570298733
12,5,93.200768713858,9.320076871386
12,6,79.299042624528,7.929904262453
12,7,535.070794012545,53.507079401254
12,8,1221.388382253938,122.138838225394
12,9,309.218014491860,30.921801449186
12,10,679.339776635820,67.933977663582
12,11,562.684500682862,56.268450068286
12,12,308.751735289278,30.875173528928
12,13,332.780246875718,33.278024687572
12,14,356.882210565352,35.688221056535
12,15,105.572714828977,10.557271482898
12,16,454.811415235453,45.481141523545
12,17,490.426840628100,49.042684062810
12,18,512.025973998120,51.202597399812
12,19,482.038582803926,48.203858280393
12,20,248.933876444023,24.893387644402
12,21,751.392696726556,75.139269672656
12,22,606.767509407176,60.676750940718
12,23,355.075136809284,35.507513680928
12,24,580.910088820445,58.091008882044
12,25,469.766208166419,46.976620816642
12,26,554.459385300493,55.445938530049
12,27,31.582953296571,3.158295329657
12,28,125.702253344147,12.570225334415
12,29,611.316150092951,61.131615009295
12,30,474.981100196490,47.498110019649
12,31,386.296357499821,38.629635749982
12,32,159.271108283016,15.927110828302
12,33,459.287018411281,45.928701841128
12,34,1027.147439359207,102.714743935921
12,35,625.746966261441,62.574696626144
12,36,721.870617350707,72.187061735071
12,37,884.999239380518,88.499923938052
12,38,358.434793168024,35.843479316802
12,39,691.521631748226,69.152163174823
12,40,1048.229022162046,104.822902216205
12,41,189.402294234260,18.940229423426
12,42,1155.924385305210,115.592438530521
12,43,602.479440575718,60.247944057572
12,44,185.881913894311,18.588191389431
12,45,340.340631089023,34.034063108902
12,46,1070.662939030348,107.066293903035
12,47,2711.824494022643,271.182449402264
12,48,189.161830152312,18.916183015231
12,49,387.011807242491,38.701180724249
12,50,460.224897429754,46.022489742975
12,51,1843.776728639752,184.377672863975
12,52,424.307164462818,42.430716446282
12,53,880.605794766023,88.060579476602
12,54,378.359868114664,37.835986811466
12,55,1101.339729691668,110.133972969167
12,56,153.015241714281,15.301524171428
12,57,1734.122412415197,173.412241241520
12,58,1298.116186673471,129.811618667347
12,59,117.872936312755,11.787293631276
12,60,171.659154435805,17.165915443580
12,61,821.808940884812,82.180894088481
12,62,967.271053767570,96.727105376757
12,63,134.010010979967,13.401001097997
12,64,488.291063527829,48.829106352783
12,65,116.123560116581,11.612356011658
12,66,33.545015827296,3.354501582730
12,67,26.577638151716,2.657763815172
12,68,41.961742387608,4.196174238761
12,69,43.663233064016,4.366323306402
12,70,240.823465192698,24.082346519270
12,71,271.594437619449,27.159443761945
12,72,94.821828300786,9.482182830079
12,73,307.931117060192,30.793111706019
12,74,87.571076142427,8.757107614243
12,75,181.737225226659,18.173722522666
12,76,80.903034789548,8.090303478955
12,77,333.638800386698,33.363880038670
12,78,80.749358893498,8.074935889350
12,79,147.192763284046,14.719276328405
12,80,39.057171213844,3.905717121384
12,81,213.186334004053,21.318633400405
12,82,92.694757658655,9.269475765865
12,83,243.765902549482,24.376590254948
12,84,355.582737138593,35.558273713859
12,85,229.585224305318,22.958522430532
12,86,224.825832053467,22.482583205347
12,87,51.433608755780,5.143360875578
12,88,14.462325255090,1.446232525509
12,89,78.013803565839,7.801380356584
12,90,156.238911488746,15.623891148875
12,91,52.301352417018,5.230135241702
12,92,26.544401593263,2.654440159326
12,93,103.491180344892,10.349118034489
12,94,38.254656889778,3.825465688978
12,95,58.784830677115,5.878483067711
12,96,152.086207351696,15.208620735170
12,97,47.322502140952,4.732250214095
12,98,243.976101324565,24.397610132456
12,99,782.781758582337,78.278175858234
12,100,183.443138231010,18.344313823101
12,101,286.092486992461,28.609248699246
12,102,84.224617668645,8.422461766865
12,103,88.295785134230,8.829578513423
12,104,186.527159180872,18.652715918087
12,105,125.041944503027,12.504194450303
12,106,147.984843678119,14.798484367812
12,107,28.098573470039,2.809857347004
12,108,768.084289858606,76.808428985861
12,109,402.221160425727,40.222116042573
12,110,235.383932722854,23.538393272285
12,111,149.059676665104,14.905967666510
12,112,27.557321989033,2.755732198903
12,113,585.772092900369,58.577209290037
12,114,64.794912550593,6.479491255059
12,115,28.254529628935,2.825452962894
12,116,39.886081307825,3.988608130782
12,117,240.837768659642,24.083776865964
12,118,87.468118819983,8.746811881998
12,119,88.117371841244,8.811737184124
12,120,36.130212004864,3.613021200486
12,121,84.081513900336,8.408151390034
12,122,69.627826004511,6.962782600451
12,123,56.630396880830,5.663039688083
12,124,110.054191409104,11.005419140910
12,125,23.438959992422,2.343895999242
12,126,390.479534240359,39.047953424036
12,127,307.695628097180,30.769562809718
12,128,464.897777891202,46.489777789120
12,129,55.025851924818,5.502585192482
12,130,69.609307506246,6.960930750625
12,131,178.385031546325,17.838503154632
12,132,95.757841649658,9.575784164966
12,133,286.608310087789,28.660831008779
12,134,652.982011101564,65.298201110156
12,135,138.579243130231,13.857924313023
12,136,159.359485743019,15.935948574302
12,137,1896.514164051361,189.651416405136
12,138,40.982404044662,4.098240404466
12,139,43.479913750967,4.347991375097
12,140,50.280003052295,5.028000305230
12,141,52.263140739628,5.226314073963
12,142,71.014502210414,7.101450221041
12,143,102.104504138990,10.210450413899
12,144,46.969061399813,4.696906139981
12,145,145.899992448077,14.589999244808
12,146,42.672355209090,4.267235520909
12,147,57.844533198047,5.784453319805
12,148,313.176965385869,31.317696538587
12,149,1238.960778734435,123.896077873443
12,150,688.983975596055,68.898397559606
12,151,582.300081772305,58.230008177231
12,152,260.969587437658,26.096958743766
12,153,204.498117967311,20.449811796731
12,154,139.972276432553,13.997227643255
12,155,392.219651187401,39.221965118740
12,156,422.548390819763,42.254839081976
12,157,198.921078737962,19.892107873796
12,158,520.404557979917,52.040455797992
12,159,361.945845159966,36.194584515997
12,160,1032.983184773274,103.298318477327
12,161,170.332386953767,17.033238695377
12,162,61.461237368525,6.146123736852
12,163,64.645106191495,6.464510619149
12,164,54.365681281446,5.436568128145
12,165,1585.200795300591,158.520079530059
12,166,509.168390058760,50.916839005876
12,167,2115.657235598070,211.565723559807
12,168,134.730919533694,13.473091953369
12,169,37.969485836272,3.796948583627
12,170,166.845174073397,16.684517407340
12,171,46.706140183774,4.670614018377
12,172,492.580998028888,49.258099802889
12,173,51.114786550576,5.111478655058
12,174,370.652648793848,37.065264879385
12,175,168.053644282936,16.805364428294
12,176,486.983643730546,48.698364373055
12,177,622.658868478006,62.265886847801
12,178,703.827104746438,70.382710474644
12,179,375.670954527038,37.567095452704
12,180,351.363421686888,35.136342168689
12,181,318.533579206766,31.853357920677
12,182,575.059141654071,57.505914165407
12,183,260.139917256062,26.013991725606
12,184,513.989003913084,51.398900391308
12,185,293.736826337825,29.373682633782
12,186,439.858695270711,43.985869527071
12,187,60.791669278272,6.079166927827
12,188,55.521083555658,5.552108355566
12,189,101.348286060587,10.134828606059
12,190,181.857526366507,18.185752636651
12,191,253.107448441058,25.310744844106
12,192,126.428758906677,12.642875890668
12,193,36.062564207097,3.606256420710
13,1,64.692049450676,6.469204945068
13,2,78.188676829943,7.818867682994
13,3,358.603661183575,35.860366118357
13,4,83.173333537221,8.317333353722
13,5,93.920792355198,9.392079235520
13,6,79.911668316496,7.991166831650
13,7,539.204489762011,53.920448976201
13,8,1230.824232651058,123.082423265106
13,9,311.606881921118,31.160688192112
13,10,684.588024117362,68.458802411736
13,11,567.031526449902,56.703152644990
13,12,311.137000473039,31.113700047304
13,13,335.351144610017,33.535114461002
13,14,359.639308305281,35.963930830528
13,15,106.388318086399,10.638831808640
13,16,458.325066204643,45.832506620464
13,17,494.215638987520,49.421563898752
13,18,515.981636717926,51.598163671793
13,19,485.762577578286,48.576257757829
13,20,250.857018051581,25.085701805158
13,21,757.197589894703,75.719758989470
13,22,611.455098979653,61.145509897965
13,23,357.818273979532,35.781827397953
13,24,585.397916584266,58.539791658427
13,25,473.395392565325,47.339539256532
13,26,558.742867841337,55.874286784134
13,27,31.826947775915,3.182694777592
13,28,126.673367589517,12.667336758952
13,29,616.038880242861,61.603888024286
13,30,478.650572305470,47.865057230547
13,31,389.280694579885,38.928069457989
13,32,160.501559114363,16.050155911436
13,33,462.835245705756,46.283524570576
13,34,1035.082679053966,103.508267905397
13,35,630.581181852389,63.058118185239
13,36,727.447437345365,72.744743734537
13,37,891.836311474612,89.183631147461
13,38,361.203885403218,36.120388540322
13,39,696.863990295560,69.686399029556
13,40,1056.327127874160,105.632712787416
13,41,190.865523899150,19.086552389915
13,42,1164.854492819410,116.485449281941
13,43,607.133902621707,60.713390262171
13,44,187.317946819235,18.731794681924
13,45,342.969936661007,34.296993666101
13,46,1078.934358232639,107.893435823264
13,47,2732.774726234302,273.277472623430
13,48,190.623202109091,19.062320210909
13,49,390.001671538007,39.000167153801
13,50,463.780370319682,46.378037031968
13,51,1858.020847570235,185.802084757024
13,52,427.585154481774,42.758515448177
13,53,887.408925251770,88.740892525177
13,54,381.282891752088,38.128289175209
13,55,1109.848142803145,110.984814280315
13,56,154.197362774439,15.419736277444
13,57,1747.519395628388,174.751939562839
13,58,1308.144798631386,130.814479863139
13,59,118.783565076772,11.878356507677
13,60,172.985309264266,17.298530926427
13,61,828.157835580285,82.815783558028
13,62,974.743717737054,97.474371773705
13,63,135.045306905240,13.504530690524
13,64,492.063361915993,49.206336191599
13,65,117.020674054098,11.702067405410
13,66,33.804168243935,3.380416824393
13,67,26.782964009692,2.678296400969
13,68,42.285918324865,4.228591832487
13,69,44.000553887623,4.400055388762
13,70,242.683949722182,24.268394972218
13,71,273.692643660460,27.369264366046
13,72,95.554375457143,9.555437545714
13,73,310.310042548116,31.031004254812
13,74,88.247607527202,8.824760752720
13,75,183.141238310246,18.314123831025
13,76,81.528052141963,8.152805214196
13,77,336.216330886303,33.621633088630
13,78,81.373189020960,8.137318902096
13,79,148.329902718207,14.832990271821
13,80,39.358907852135,3.935890785213
13,81,214.833307549569,21.483330754957
13,82,93.410872105601,9.341087210560
13,83,245.649118913577,24.564911891358
13,84,358.329795781189,35.832979578119
13,85,231.358887671868,23.135888767187
13,86,226.562726678868,22.656272667887
13,87,51.830959708725,5.183095970872
13,88,14.574054119950,1.457405411995
13,89,78.616500128253,7.861650012825
13,90,157.445937047885,15.744593704789
13,91,52.705407133883,5.270540713388
13,92,26.749470681813,2.674947068181
13,93,104.290702683032,10.429070268303
13,94,38.550193694164,3.855019369416
13,95,59.238973581983,5.923897358198
13,96,153.261151145895,15.326115114589
13,97,47.688092691106,4.768809269111
13,98,245.860941581783,24.586094158178
13,99,788.829148319209,78.882914831921
13,100,184.860330365695,18.486033036569
13,101,288.302697885427,28.830269788543
13,102,84.875295948890,8.487529594889
13,103,88.977915266895,8.897791526690
13,104,187.968176955892,18.796817695589
13,105,126.007957524633,12.600795752463
13,106,149.128102338736,14.912810233874
13,107,28.315649331811,2.831564933181
13,108,774.018134126969,77.401813412697
13,109,405.328524759199,40.532852475920
13,110,237.202394079887,23.720239407989
13,111,150.211238960677,15.021123896068
13,112,27.770216406085,2.777021640608
13,113,590.297482134230,59.029748213423
13,114,65.295486414079,6.529548641408
13,115,28.472810331858,2.847281033186
13,116,40.194221700853,4.019422170085
13,117,242.698363690728,24.269836369073
13,118,88.143854806746,8.814385480675
13,119,88.798123639904,8.879812363990
13,120,36.409336385157,3.640933638516
13,121,84.731086630726,8.473108663073
13,122,70.165736598063,7.016573659806
13,123,57.067895681917,5.706789568192
13,124,110.904416366866,11.090441636687
13,125,23.620037955146,2.362003795515
13,126,393.496188501823,39.349618850182
13,127,310.072734312334,31.007273431233
13,128,468.489351174419,46.848935117442
13,129,55.450954794864,5.545095479486
13,130,70.147075034920,7.014707503492
13,131,179.763147217976,17.976314721798
13,132,96.497619988215,9.649761998822
13,133,288.822505978182,28.882250597818
13,134,658.026631353637,65.802663135364
13,135,139.649838712539,13.964983871254
13,136,160.590619335479,16.059061933548
13,137,1911.165706663043,191.116570666304
13,138,41.299014091964,4.129901409196
13,139,43.815818339053,4.381581833905
13,140,50.668441810729,5.066844181073
13,141,52.666900251728,5.266690025173
13,142,71.563125587399,7.156312558740
13,143,102.893313693695,10.289331369370
13,144,47.331921439339,4.733192143934
13,145,147.027144565850,14.702714456585
13,146,43.002020994107,4.300202099411
13,147,58.291411823617,5.829141182362
13,148,315.596417737096,31.559641773710
13,149,1248.532384888460,124.853238488846
13,150,694.306729450763,69.430672945076
13,151,586.798647943120,58.679864794312
13,152,262.985711072890,26.298571107289
13,153,206.077970597046,20.607797059705
13,154,141.053633910118,14.105363391012
13,155,395.249748742926,39.524974874293
13,156,425.812793412132,42.581279341213
13,157,200.457845885150,20.045784588515
13,158,524.424949549399,52.442494954940
13,159,364.742062068863,36.474206206886
13,160,1040.963508588270,104.096350858827
13,161,171.648291824349,17.164829182435
13,162,61.936056884951,6.193605688495
13,163,65.144522724181,6.514452272418
13,164,54.785683995376,5.478568399538
13,165,1597.447282798900,159.744728279890
13,166,513.101976480035,51.310197648003
13,167,2132.001770601627,213.200177060163
13,168,135.771784846527,13.577178484653
13,169,38.262819548310,3.826281954831
13,170,168.134138439615,16.813413843961
13,171,47.066969022336,4.706696902234
13,172,496.386438356793,49.638643835679
13,173,51.509674438802,5.150967443880
13,174,373.516130217226,37.351613021723
13,175,169.351944700055,16.935194470005
13,176,490.745841631598,49.074584163160
13,177,627.469226932993,62.746922693299
13,178,709.264529371003,70.926452937100
13,179,378.573204930729,37.857320493073
13,180,354.077883958045,35.407788395804
13,181,320.994414141439,32.099441414144
13,182,579.501767856337,57.950176785634
13,183,262.149631264491,26.214963126449
13,184,517.959832043722,51.795983204372
13,185,296.006093664843,29.600609366484
13,186,443.256828824911,44.325682882491
13,187,61.261316038496,6.126131603850
13,188,55.950012343527,5.595001234353
13,189,102.131253443580,10.213125344358
13,190,183.262468837974,18.326246883797
13,191,255.062833028456,25.506283302846
13,192,127.405485779366,12.740548577937
13,193,36.341165973528,3.634116597353
14,1,64.932685651013,6.493268565101
14,2,78.479516682159,7.847951668216
14,3,359.937565785255,35.993756578525
14,4,83.482714908221,8.348271490822
14,5,94.270151245463,9.427015124546
14,6,80.208917211679,8.020891721168
14,7,541.210178571117,54.121017857112
14,8,1235.402552075835,123.540255207583
14,9,312.765971742839,31.276597174284
14,10,687.134498720023,68.713449872002
14,11,569.140723996668,56.914072399667
14,12,312.294342468138,31.229434246814
14,13,336.598556400231,33.659855640023
14,14,360.977065222514,36.097706522251
14,15,106.784052660307,10.678405266031
14,16,460.029906341685,46.002990634169
14,17,496.053981945013,49.605398194501
14,18,517.900943055539,51.790094305554
14,19,487.569477528547,48.756947752855
14,20,251.790135492821,25.179013549282
14,21,760.014151628089,76.001415162809
14,22,613.729539702199,61.372953970220
14,23,359.149257162055,35.914925716206
14,24,587.575431928556,58.757543192856
14,25,475.156290071148,47.515629007115
14,26,560.821233912977,56.082123391298
14,27,31.945335056055,3.194533505606
14,28,127.144556833320,12.714455683332
14,29,618.330371340464,61.833037134046
14,30,480.431017599553,48.043101759955
14,31,390.728709104142,39.072870910414
14,32,161.098579701305,16.109857970131
14,33,464.556862440033,46.455686244003
14,34,1038.932895039359,103.893289503936
14,35,632.926766215443,63.292676621544
14,36,730.153336891826,73.015333689183
14,37,895.153691324822,89.515369132482
14,38,362.547462106518,36.254746210652
14,39,699.456128034289,69.945612803429
14,40,1060.256367224647,106.025636722465
14,41,191.575489881625,19.157548988162
14,42,1169.187423395556,116.918742339556
14,43,609.392269711074,60.939226971107
14,44,188.014716814318,18.801471681432
14,45,344.245688211452,34.424568821145
14,46,1082.947690111649,108.294769011165
14,47,2742.939878398807,274.293987839881
14,48,191.332266722769,19.133226672277
14,49,391.452367893450,39.145236789345
14,50,465.505502651283,46.550550265128
14,51,1864.932161722500,186.493216172250
14,52,429.175650806578,42.917565080658
14,53,890.709836472416,89.070983647242
14,54,382.701156702790,38.270115670279
14,55,1113.976465252407,111.397646525241
14,56,154.770933526876,15.477093352688
14,57,1754.019675507464,175.401967550746
14,58,1313.010728780564,131.301072878056
14,59,119.225406477769,11.922540647777
14,60,173.628765885119,17.362876588512
14,61,831.238349438264,83.123834943826
14,62,978.369489783712,97.836948978371
14,63,135.547637404939,13.554763740494
14,64,493.893699009072,49.389369900907
14,65,117.455957997093,11.745595799709
14,66,33.929910227237,3.392991022724
14,67,26.882589091101,2.688258909110
14,68,42.443210029177,4.244321002918
14,69,44.164223553218,4.416422355322
14,70,243.586665651573,24.358666565157
14,71,274.710703196216,27.471070319622
14,72,95.909810816370,9.590981081637
14,73,311.464308492686,31.146430849269
14,74,88.575863768032,8.857586376803
14,75,183.822472126246,18.382247212625
14,76,81.831313529645,8.183131352964
14,77,337.466960925743,33.746696092574
14,78,81.675874361456,8.167587436146
14,79,148.881648172087,14.888164817209
14,80,39.505311902020,3.950531190202
14,81,215.632426935547,21.563242693555
14,82,93.758334236181,9.375833423618
14,83,246.562864437078,24.656286443708
14,84,359.662681680720,35.966268168072
14,85,232.219477560679,23.221947756068
14,86,227.405476199854,22.740547619985
14,87,52.023756278165,5.202375627817
14,88,14.628265495795,1.462826549579
14,89,78.908931362622,7.890893136262
14,90,158.031591581503,15.803159158150
14,91,52.901456401415,5.290145640142
14,92,26.848971177478,2.684897117748
14,93,104.678634718533,10.467863471853
14,94,38.693589555195,3.869358955519
14,95,59.459325876209,5.945932587621
14,96,153.831239454803,15.383123945480
14,97,47.865478962278,4.786547896228
14,98,246.775475025940,24.677547502594
14,99,791.763370539389,79.176337053939
14,100,185.547958719876,18.554795871988
14,101,289.375102707277,28.937510270728
14,102,85.191008140621,8.519100814062
14,103,89.308888046790,8.930888804679
14,104,188.667365623914,18.866736562391
14,105,126.476671630439,12.647667163044
14,106,149.682816870352,14.968281687035
14,107,28.420975570865,2.842097557086
14,108,776.897263546586,77.689726354659
14,109,406.836232691081,40.683623269108
14,110,238.084720166432,23.808472016643
14,111,150.769982455410,15.076998245541
14,112,27.873513788302,2.787351378830
14,113,592.493222482169,59.249322248217
14,114,65.538367229934,6.553836722993
14,115,28.578721165559,2.857872116556
14,116,40.343732882950,4.034373288295
14,117,243.601133236022,24.360113323602
14,118,88.471725116683,8.847172511668
14,119,89.128427645593,8.912842764559
14,120,36.544768860074,3.654476886007
14,121,85.046262404417,8.504626240442
14,122,70.426733372662,7.042673337266
14,123,57.280172177943,5.728017217794
14,124,111.316949554202,11.131694955420
14,125,23.707897842622,2.370789784262
14,126,394.959883475973,39.495988347597
14,127,311.226117537117,31.122611753712
14,128,470.231999588290,47.023199958829
14,129,55.657216726279,5.565721672628
14,130,70.408002393762,7.040800239376
14,131,180.431815486714,18.043181548671
14,132,96.856563951388,9.685656395139
14,133,289.896844339708,28.989684433971
14,134,660.474305057508,66.047430505751
14,135,140.169296773474,14.016929677347
14,136,161.187971201356,16.118797120136
14,137,1918.274704720334,191.827470472033
14,138,41.452634790538,4.145263479054
14,139,43.978800840447,4.397880084045
14,140,50.856914141068,5.085691414107
14,141,52.862806284505,5.286280628451
14,142,71.829320255397,7.182932025540
14,143,103.276047835798,10.327604783580
14,144,47.507982853788,4.750798285379
14,145,147.574044126387,14.757404412639
14,146,43.161976398623,4.316197639862
14,147,58.508239455028,5.850823945503
14,148,316.770347508208,31.677034750821
14,149,1253.176573651210,125.317657365121
14,150,696.889354899525,69.688935489953
14,151,588.981373613482,58.898137361348
14,152,263.963943835541,26.396394383554
14,153,206.844522595922,20.684452259592
14,154,141.578313693742,14.157831369374
14,155,396.719966467199,39.671996646720
14,156,427.396697053027,42.739669705303
14,157,201.203492603275,20.120349260327
14,158,526.375662632281,52.637566263228
14,159,366.098799792662,36.609879979266
14,160,1044.835599602914,104.483559960291
14,161,172.286775116961,17.228677511696
14,162,62.166441569302,6.216644156930
14,163,65.386841997635,6.538684199764
14,164,54.989471306823,5.498947130682
14,165,1603.389336693259,160.338933669326
14,166,515.010571292756,51.501057129276
14,167,2139.932216607699,213.993221660770
14,168,136.276817639521,13.627681763952
14,169,38.405146458471,3.840514645847
14,170,168.759550071565,16.875955007157
14,171,47.242044888429,4.724204488843
14,172,498.232856076430,49.823285607643
14,173,51.701275917544,5.170127591754
14,174,374.905505002900,37.490550500290
14,175,169.981886228240,16.998188622824
14,176,492.571277920362,49.257127792036
14,177,629.803235700378,62.980323570038
14,178,711.902793621887,71.190279362189
14,179,379.981390609769,37.998139060977
14,180,355.394953943349,35.539495394335
14,181,322.188422938571,32.218842293857
14,182,581.657351188292,58.165735118829
14,183,263.124754045776,26.312475404578
14,184,519.886496710692,51.988649671069
14,185,297.107152948961,29.710715294896
14,186,444.905619363592,44.490561936359
14,187,61.489190876971,6.148919087697
14,188,56.158130628440,5.615813062844
14,189,102.511152936224,10.251115293622
14,190,183.944153597386,18.394415359739
14,191,256.011594916640,25.601159491664
14,192,127.879398296599,12.787939829660
14,193,36.476344873717,3.647634487372
15,1,64.242099509166,6.424209950917
15,2,77.644854353069,7.764485435307
15,3,356.109479939594,35.610947993959
15,4,82.594841483283,8.259484148328
15,5,93.267548944523,9.326754894452
15,6,79.355861988049,7.935586198805
15,7,535.454183028957,53.545418302896
15,8,1222.263531665510,122.226353166551
15,9,309.439575436243,30.943957543624
15,10,679.826537288221,67.982653728822
15,11,563.087675477078,56.308767547708
15,12,308.972962135207,30.897296213521
15,13,333.018690634860,33.301869063486
15,14,357.137923867619,35.713792386762
15,15,105.648359808578,10.564835980858
15,16,455.137296788121,45.513729678812
15,17,490.778241351433,49.077824135143
15,18,512.392850936173,51.239285093617
15,19,482.383973171335,48.238397317134
15,20,249.112242587549,24.911224258755
15,21,751.931084749525,75.193108474953
15,22,607.202270566307,60.720227056631
15,23,355.329555306756,35.532955530676
15,24,581.326322616176,58.132632261618
15,25,470.102805129864,47.010280512986
15,26,554.856666633635,55.485666663364
15,27,31.605583119643,3.160558311964
15,28,125.792321544112,12.579232154411
15,29,611.754170444881,61.175417044488
15,30,475.321433735259,47.532143373526
15,31,386.573146631656,38.657314663166
15,32,159.385229244636,15.938522924464
15,33,459.616106823898,45.961610682390
15,34,1027.883411217310,102.788341121731
15,35,626.195326584229,62.619532658423
15,36,722.387852208336,72.238785220834
15,37,885.633359186174,88.563335918617
15,38,358.691618927041,35.869161892704
15,39,692.017120945525,69.201712094553
15,40,1048.980099399448,104.898009939945
15,41,189.538004798367,18.953800479837
15,42,1156.752628442544,115.675262844254
15,43,602.911129247041,60.291112924704
15,44,186.015102034897,18.601510203490
15,45,340.584492015948,34.058449201595
15,46,1071.430090621683,107.143009062168
15,47,2713.767570970739,271.376757097074
15,48,189.297368419054,18.929736841905
15,49,387.289109008498,38.728910900850
15,50,460.554657851605,46.055465785160
15,51,1845.097831855226,184.509783185523
15,52,424.611189104530,42.461118910453
15,53,881.236766579996,88.123676658000
15,54,378.630970591774,37.863097059177
15,55,1102.128861822270,110.212886182227
15,56,153.124880221322,15.312488022132
15,57,1735.364946101344,173.536494610134
15,58,1299.046313104527,129.904631310453
15,59,117.957394649148,11.795739464915
15,60,171.782151682363,17.178215168236
15,61,822.397783567032,82.239778356703
15,62,967.964122987676,96.796412298768
15,63,134.106031855847,13.410603185585
15,64,488.640933923791,48.864093392379
15,65,116.206764989643,11.620676498964
15,66,33.569051507747,3.356905150775
15,67,26.596681565529,2.659668156553
15,68,41.991808822407,4.199180882241
15,69,43.694518651203,4.369451865120
15,70,240.996020062974,24.099602006297
15,71,271.789040512126,27.178904051213
15,72,94.889770053342,9.488977005334
15,73,308.151755916607,30.815175591661
15,74,87.633822584812,8.763382258481
15,75,181.867443614216,18.186744361422
15,76,80.961003445808,8.096100344581
15,77,333.877859316747,33.387785931675
15,78,80.807217437879,8.080721743788
15,79,147.298229867851,14.729822986785
15,80,39.085156464811,3.908515646481
15,81,213.339086312385,21.333908631238
15,82,92.761175322192,9.276117532219
15,83,243.940565735474,24.394056573547
15,84,355.837519341939,35.583751934194
15,85,229.749726749319,22.974972674932
15,86,224.986924296922,22.498692429692
15,87,51.470461973882,5.147046197388
15,88,14.472687802844,1.447268780284
15,89,78.069702029650,7.806970202965
15,90,156.350859820203,15.635085982020
15,91,52.338827390955,5.233882739096
15,92,26.563421192411,2.656342119241
15,93,103.565333863051,10.356533386305
15,94,38.282067123045,3.828206712305
15,95,58.826951193998,5.882695119400
15,96,152.195180186877,15.219518018688
15,97,47.356409668242,4.735640966824
15,98,244.150915122218,24.415091512222
15,99,783.342637501251,78.334263750125
15,100,183.574578939643,18.357457893964
15,101,286.297478029942,28.629747802994
15,102,84.284966306035,8.428496630603
15,103,88.359050845225,8.835905084523
15,104,186.660809652721,18.666080965272
15,105,125.131539578388,12.513153957839
15,106,148.090877803503,14.809087780350
15,107,28.118706664685,2.811870666469
15,108,768.634637744727,76.863463774473
15,109,402.509360000066,40.250936000007
15,110,235.552590058398,23.555259005840
15,111,149.166480930003,14.916648093000
15,112,27.577067366076,2.757706736608
15,113,586.191810420091,58.619181042009
15,114,64.841339412364,6.484133941236
15,115,28.274774569315,2.827477456931
15,116,39.914660489593,3.991466048959
15,117,241.010333778640,24.101033377864
15,118,87.530791491370,8.753079149137
15,119,88.180509715516,8.818050971552
15,120,36.156100030520,3.615610003052
15,121,84.141760000989,8.414176000099
15,122,69.677715746253,6.967771574625
15,123,56.670973702444,5.667097370244
15,124,110.133047457067,11.013304745707
15,125,23.455754480026,2.345575448003
15,126,390.759320702705,39.075932070270
15,127,307.916098221004,30.791609822100
15,128,465.230886526157,46.523088652616
15,129,55.065279057606,5.506527905761
15,130,69.659183979110,6.965918397911
15,131,178.512848019495,17.851284801950
15,132,95.826454074657,9.582645407466
15,133,286.813670722923,28.681367072292
15,134,653.449885883317,65.344988588332
15,135,138.678537953110,13.867853795311
15,136,159.473670028872,15.947367002887
15,137,1897.873054703034,189.787305470303
15,138,41.011768763784,4.101176876378
15,139,43.511067986169,4.351106798617
15,140,50.316029688642,5.031602968864
15,141,52.300588334128,5.230058833413
15,142,71.065385533626,7.106538553363
15,143,102.177664075677,10.217766407568
15,144,47.002715679683,4.700271567968
15,145,146.004532735503,14.600453273550
15,146,42.702930812309,4.270293081231
15,147,57.885979972821,5.788597997282
15,148,313.401362998420,31.340136299842
15,149,1239.848519122524,123.984851912252
15,150,689.477646511536,68.947764651154
15,151,582.717311526023,58.271731152602
15,152,261.156577410875,26.115657741087
15,153,204.644644993609,20.464464499361
15,154,140.072569391890,14.007256939189
15,155,392.500684478638,39.250068447864
15,156,422.851155264685,42.285115526468
15,157,199.063609703162,19.906360970316
15,158,520.777438342390,52.077743834239
15,159,362.205186658555,36.220518665856
15,160,1033.723338060674,103.372333806067
15,161,170.454433544663,17.045443354466
15,162,61.505275584786,6.150527558479
15,163,64.691425713988,6.469142571399
15,164,54.404635388652,5.440463538865
15,165,1586.336623644292,158.633662364429
15,166,509.533219480281,50.953321948028
15,167,2117.173146680673,211.717314668067
15,168,134.827456955093,13.482745695509
15,169,37.996691738727,3.799669173873
15,170,166.964722005926,16.696472200593
15,171,46.739606075290,4.673960607529
15,172,492.933942249448,49.293394224945
15,173,51.151411326137,5.115141132614
15,174,370.918228892858,37.091822889286
15,175,168.174058108745,16.817405810875
15,176,487.332577333852,48.733257733385
15,177,623.105016116444,62.310501611644
15,178,704.331411063345,70.433141106334
15,179,375.940130343327,37.594013034333
15,180,351.615180665608,35.161518066561
15,181,318.761814941164,31.876181494116
15,182,575.471183128143,57.547118312814
15,183,260.326312753859,26.032631275386
15,184,514.357287401665,51.435728740166
15,185,293.947294698636,29.394729469864
15,186,440.173862897925,44.017386289792
15,187,60.835227735492,6.083522773549
15,188,55.560865531899,5.556086553190
15,189,101.420904151768,10.142090415177
15,190,181.987830952257,18.198783095226
15,191,253.288805033102,25.328880503310
15,192,126.519347662531,12.651934766253
15,193,36.088403761742,3.608840376174
16,1,63.513929371061,6.351392937106
16,2,76.764766922095,7.676476692209
16,3,352.073056921520,35.207305692152
16,4,81.658647031527,8.165864703153
16,5,92.210381689490,9.221038168949
16,6,78.456380659998,7.845638066000
16,7,529.384927052203,52.938492705220
16,8,1208.409442034974,120.840944203497
16,9,305.932145571681,30.593214557168
16,10,672.120852272835,67.212085227283
16,11,556.705199911208,55.670519991121
16,12,305.470821230290,30.547082123029
16,13,329.243996659975,32.924399665998
16,14,353.089843662703,35.308984366270
16,15,104.450858772027,10.445085877203
16,16,449.978415138998,44.997841513900
16,17,485.215377395953,48.521537739595
16,18,506.584990111558,50.658499011156
16,19,476.916256408533,47.691625640853
16,20,246.288609837770,24.628860983777
16,21,743.408110469248,74.340811046925
16,22,600.319765719887,60.031976571989
16,23,351.301972563704,35.130197256370
16,24,574.737115976639,57.473711597664
16,25,464.774292718992,46.477429271899
16,26,548.567487751592,54.856748775159
16,27,31.247340752084,3.124734075208
16,28,124.366493109936,12.436649310994
16,29,604.820070809552,60.482007080955
16,30,469.933769311279,46.993376931128
16,31,382.191424618814,38.219142461881
16,32,157.578632553716,15.757863255372
16,33,454.406458843238,45.440645884324
16,34,1016.232577710611,101.623257771061
16,35,619.097539604609,61.909753960461
16,36,714.199744003171,71.419974400317
16,37,875.594898886833,87.559489888683
16,38,354.625927928664,35.462592792866
16,39,684.173258332378,68.417325833238
16,40,1037.090139549361,103.709013954936
16,41,187.389632995691,18.738963299569
16,42,1143.641090562524,114.364109056252
16,43,596.077263548329,59.607726354833
16,44,183.906661564033,18.390666156403
16,45,336.724041338237,33.672404133824
16,46,1059.285665034429,105.928566503443
16,47,2683.007609480734,268.300760948073
16,48,187.151724177072,18.715172417707
16,49,382.899271718808,38.289927171881
16,50,455.334371600454,45.533437160045
16,51,1824.184051743669,182.418405174367
16,52,419.798314205148,41.979831420515
16,53,871.248140695621,87.124814069562
16,54,374.339271406143,37.433927140614
16,55,1089.636472382098,108.963647238210
16,56,151.389243216461,15.138924321646
16,57,1715.694964234000,171.569496423400
16,58,1284.321907450828,128.432190745083
16,59,116.620373396598,11.662037339660
16,60,169.835038588765,16.983503858876
16,61,813.076084677787,81.307608467779
16,62,956.992461499306,95.699246149931
16,63,132.585969334801,13.258596933480
16,64,483.102295880239,48.310229588024
16,65,114.889586741146,11.488958674115
16,66,33.188553655728,3.318855365573
16,67,26.295214000852,2.629521400085
16,68,41.515840859605,4.151584085961
16,69,43.199250845142,4.319925084514
16,70,238.264382919219,23.826438291922
16,71,268.708371220847,26.870837122085
16,72,93.814215277075,9.381421527707
16,73,304.658923204452,30.465892320445
16,74,86.640512385086,8.664051238509
16,75,179.806015943806,17.980601594381
16,76,80.043328190629,8.004332819063
16,77,330.093426852888,33.009342685289
16,78,79.891285313443,7.989128531344
16,79,145.628636669544,14.562863666954
16,80,38.642134770341,3.864213477034
16,81,210.920934459780,21.092093445978
16,82,91.709747701345,9.170974770134
16,83,241.175552810955,24.117555281096
16,84,351.804178937719,35.180417893772
16,85,227.145563878945,22.714556387895
16,86,222.436746749973,22.243674674997
16,87,50.887055552077,5.088705555208
16,88,14.308643054048,1.430864305405
16,89,77.184799043243,7.718479904324
16,90,154.578657042616,15.457865704262
16,91,51.745578237196,5.174557823720
16,92,26.262330626785,2.626233062678
16,93,102.391443469708,10.239144346971
16,94,37.848148270503,3.784814827050
16,95,58.160160576903,5.816016057690
16,96,150.470081128435,15.047008112844
16,97,46.819635128933,4.681963512893
16,98,241.383517933437,24.138351793344
16,99,774.463620145170,77.446362014517
16,100,181.493801263938,18.149380126394
16,101,283.052358774672,28.305235877467
16,102,83.329614659308,8.332961465931
16,103,87.357520341889,8.735752034189
16,104,184.545050227327,18.454505022733
16,105,123.713200963177,12.371320096318
16,106,146.412300114321,14.641230011432
16,107,27.799987278616,2.779998727862
16,108,759.922332346939,75.992233234694
16,109,397.947004496444,39.794700449644
16,110,232.882653002412,23.288265300241
16,111,147.475711514785,14.747571151479
16,112,27.264487342915,2.726448734291
16,113,579.547454541142,57.954745454114
16,114,64.106377021104,6.410637702110
16,115,27.954286187703,2.795428618770
16,116,39.462236548545,3.946223654855
16,117,238.278534392051,23.827853439205
16,118,86.538649126539,8.653864912654
16,119,87.181002936810,8.718100293681
16,120,35.746278549688,3.574627854969
16,121,83.188031566389,8.318803156639
16,122,68.887934087723,6.888793408772
16,123,56.028620618364,5.602862061836
16,124,108.884713467527,10.888471346753
16,125,23.189888636450,2.318988863645
16,126,386.330149322941,38.633014932294
16,127,304.425936637253,30.442593663725
16,128,459.957596246405,45.995759624641
16,129,54.441126170908,5.444112617091
16,130,68.869612374105,6.886961237411
16,131,176.489443955975,17.648944395598
16,132,94.740282190009,9.474028219001
16,133,283.562700536450,28.356270053645
16,134,646.043174438892,64.604317443889
16,135,137.106647076176,13.710664707618
16,136,157.666070881019,15.766607088102
16,137,1876.361078990721,187.636107899072
16,138,40.546909340558,4.054690934056
16,139,43.017879553247,4.301787955325
16,140,49.745708504135,4.974570850413
16,141,51.707772611709,5.170777261171
16,142,70.259874941758,7.025987494176
16,143,101.019502615673,10.101950261567
16,144,46.469950184325,4.646995018433
16,145,144.349603311056,14.434960331106
16,146,42.218902437385,4.221890243739
16,147,57.229855058580,5.722985505858
16,148,309.849027138906,30.984902713891
16,149,1225.795107507761,122.579510750776
16,150,681.662568285317,68.166256828532
16,151,576.112338331620,57.611233833162
16,152,258.196424761860,25.819642476186
16,153,202.325042730514,20.232504273051
16,154,138.484877473691,13.848487747369
16,155,388.051775121583,38.805177512158
16,156,418.058229963682,41.805822996368
16,157,196.807267253635,19.680726725363
16,158,514.874540054551,51.487454005455
16,159,358.099670138910,35.809967013891
16,160,1022.006310261314,102.200631026131
16,161,168.522369845575,16.852236984558
16,162,60.808126746891,6.080812674689
16,163,63.958162561689,6.395816256169
16,164,53.787970753356,5.378797075336
16,165,1568.355845196111,156.835584519611
16,166,503.757771952369,50.375777195237
16,167,2093.175452421147,209.317545242115
16,168,133.299217238436,13.329921723844
16,169,37.566007553710,3.756600755371
16,170,165.072213423382,16.507221342338
16,171,46.209822869715,4.620982286971
16,172,487.346643896080,48.734664389608
16,173,50.571621273598,5.057162127360
16,174,366.713951946397,36.671395194640
16,175,166.267841966148,16.626784196615
16,176,481.808769225904,48.180876922590
16,177,616.042257129640,61.604225712964
16,178,696.347968666780,69.634796866678
16,179,371.678931243003,37.167893124300
16,180,347.629699546197,34.762969954620
16,181,315.148719532051,31.514871953205
16,182,568.948343213265,56.894834321326
16,183,257.375570973022,25.737557097302
16,184,508.527160119644,50.852716011964
16,185,290.615466445641,29.061546644564
16,186,435.184588497095,43.518458849709
16,187,60.145673743323,6.014567374332
16,188,54.931095280978,5.493109528098
16,189,100.271320399879,10.027132039988
16,190,179.925038717719,17.992503871772
16,191,250.417831862072,25.041783186207
16,192,125.085278546418,12.508527854642
16,193,35.679349603301,3.567934960330
17,1,63.352101298527,6.335210129853
17,2,76.569176846146,7.656917684615
17,3,351.176004814101,35.117600481410
17,4,81.450587766643,8.145058776664
17,5,91.975437505053,9.197543750505
17,6,78.256480496586,7.825648049659
17,7,528.036099429322,52.803609942932
17,8,1205.330517887580,120.533051788758
17,9,305.152656569279,30.515265656928
17,10,670.408345691833,67.040834569183
17,11,555.286762564260,55.528676256426
17,12,304.692507642947,30.469250764295
17,13,328.405111050149,32.840511105015
17,14,352.190200869428,35.219020086943
17,15,104.184726896438,10.418472689644
17,16,448.831908532889,44.883190853289
17,17,483.979090016706,48.397909001671
17,18,505.294254782533,50.529425478253
17,19,475.701114481416,47.570111448142
17,20,245.661087475167,24.566108747517
17,21,741.513970037146,74.151397003715
17,22,598.790202180794,59.879020218079
17,23,350.406885113433,35.040688511343
17,24,573.272734846180,57.327273484618
17,25,463.590087479309,46.359008747931
17,26,547.169784600854,54.716978460085
17,27,31.167725194114,3.116772519411
17,28,124.049617897410,12.404961789741
17,29,603.279040877091,60.327904087709
17,30,468.736418165485,46.873641816549
17,31,381.217633480436,38.121763348044
17,32,157.177135643806,15.717713564381
17,33,453.248669959605,45.324866995961
17,34,1013.643303815487,101.364330381549
17,35,617.520131899923,61.752013189992
17,36,712.380023996539,71.238002399654
17,37,873.363957797049,87.336395779705
17,38,353.722371323750,35.372237132375
17,39,682.430043249141,68.243004324914
17,40,1034.447722366402,103.444772236640
17,41,186.912180200362,18.691218020036
17,42,1140.727190648140,114.072719064814
17,43,594.558509542765,59.455850954276
17,44,183.438083082718,18.343808308272
17,45,335.866097212826,33.586609721283
17,46,1056.586695546429,105.658669554643
17,47,2676.171535026895,267.617153502689
17,48,186.674877553113,18.667487755311
17,49,381.923677046418,38.192367704642
17,50,454.174218474293,45.417421847429
17,51,1819.536186433425,181.953618643342
17,52,418.728703921017,41.872870392102
17,53,869.028274774809,86.902827477481
17,54,373.385486884144,37.338548688414
17,55,1086.860171626744,108.686017162674
17,56,151.003516342455,15.100351634246
17,57,1711.323519861596,171.132351986160
17,58,1281.049564818997,128.104956481900
17,59,116.323234636142,11.632323463614
17,60,169.402313402090,16.940231340209
17,61,811.004436192016,81.100443619202
17,62,954.554126365460,95.455412636546
17,63,132.248151598204,13.224815159820
17,64,481.871392452389,48.187139245239
17,65,114.596857877405,11.459685787740
17,66,33.103992052919,3.310399205292
17,67,26.228216039291,2.622821603929
17,68,41.410062039550,4.141006203955
17,69,43.089182840085,4.308918284009
17,70,237.657305602115,23.765730560211
17,71,268.023725219268,26.802372521927
17,72,93.575184661509,9.357518466151
17,73,303.882678264001,30.388267826400
17,74,86.419759752372,8.641975975237
17,75,179.347885557632,17.934788555763
17,76,79.839384620320,7.983938462032
17,77,329.252376967411,32.925237696741
17,78,79.687729135411,7.968772913541
17,79,145.257587329480,14.525758732948
17,80,38.543677908194,3.854367790819
17,81,210.383525916194,21.038352591619
17,82,91.476079089592,9.147607908959
17,83,240.561058081371,24.056105808137
17,84,350.907811908460,35.090781190846
17,85,226.566816364011,22.656681636401
17,86,221.869996899291,22.186999689929
17,87,50.757399676611,5.075739967661
17,88,14.272185852471,1.427218585247
17,89,76.988138761289,7.698813876129
17,90,154.184803814327,15.418480381433
17,91,51.613734919184,5.161373491918
17,92,26.195416449254,2.619541644925
17,93,102.130558808583,10.213055880858
17,94,37.751714418208,3.775171441821
17,95,58.011973450431,5.801197345043
17,96,150.086696201000,15.008669620100
17,97,46.700342693641,4.670034269364
17,98,240.768493326466,24.076849332647
17,99,772.490352924312,77.249035292431
17,100,181.031370544783,18.103137054478
17,101,282.331165516747,28.233116551675
17,102,83.117297911488,8.311729791149
17,103,87.134940834082,8.713494083408
17,104,184.074845186169,18.407484518617
17,105,123.397990283297,12.339799028330
17,106,146.039254066669,14.603925406667
17,107,27.729155283142,2.772915528314
17,108,757.986115086614,75.798611508661
17,109,396.933069484926,39.693306948493
17,110,232.289287873925,23.228928787393
17,111,147.099955985623,14.709995598562
17,112,27.195019755583,2.719501975558
17,113,578.070817078477,57.807081707848
17,114,63.943039442510,6.394303944251
17,115,27.883061051774,2.788306105177
17,116,39.361690137045,3.936169013705
17,117,237.671421018201,23.767142101820
17,118,86.318156032717,8.631815603272
17,119,86.958873180290,8.695887318029
17,120,35.655200082095,3.565520008209
17,121,82.976075560209,8.297607556021
17,122,68.712413509723,6.871241350972
17,123,55.885864473827,5.588586447383
17,124,108.607284508504,10.860728450850
17,125,23.130802778947,2.313080277895
17,126,385.345813067165,38.534581306716
17,127,303.650285326695,30.365028532669
17,128,458.785663538336,45.878566353834
17,129,54.302414826766,5.430241482677
17,130,68.694138478268,6.869413847827
17,131,176.039763912230,17.603976391223
17,132,94.498892034968,9.449889203497
17,133,282.840206971263,28.284020697126
17,134,644.397111555860,64.439711155586
17,135,136.757311038433,13.675731103843
17,136,157.264351185712,15.726435118571
17,137,1871.580271067203,187.158027106720
17,138,40.443599275337,4.044359927534
17,139,42.908273666766,4.290827366677
17,140,49.618960683558,4.961896068356
17,141,51.576025619204,5.157602561920
17,142,70.080858775526,7.008085877553
17,143,100.762113542780,10.076211354278
17,144,46.351548716434,4.635154871643
17,145,143.981812838852,14.398181283885
17,146,42.111332276421,4.211133227642
17,147,57.084038271188,5.708403827119
17,148,309.059558256490,30.905955825649
17,149,1222.671886168222,122.267188616822
17,150,679.925750226088,67.992575022609
17,151,574.644453251946,57.464445325195
17,152,257.538562302898,25.753856230290
17,153,201.809535785586,20.180953578559
17,154,138.132029822497,13.813202982250
17,155,387.063052310175,38.706305231017
17,156,416.993053265721,41.699305326572
17,157,196.305819129802,19.630581912980
17,158,513.562683659600,51.356268365960
17,159,357.187262735251,35.718726273525
17,160,1019.402325388311,101.940232538831
17,161,168.092989226851,16.809298922685
17,162,60.653192828563,6.065319282856
17,163,63.795202620891,6.379520262089
17,164,53.650923593485,5.365092359348
17,165,1564.359808326894,156.435980832689
17,166,502.474240133973,50.247424013397
17,167,2087.842219974420,208.784221997442
17,168,132.959582207041,13.295958220704
17,169,37.470292571887,3.747029257189
17,170,164.651623508827,16.465162350883
17,171,46.092084184025,4.609208418403
17,172,486.104926231646,48.610492623165
17,173,50.442769097758,5.044276909776
17,174,365.779596087730,36.577959608773
17,175,165.844205692086,16.584420569209
17,176,480.581161593595,48.058116159360
17,177,614.472634024000,61.447263402400
17,178,694.573733460453,69.457373346045
17,179,370.731925040739,37.073192504074
17,180,346.743968734228,34.674396873423
17,181,314.345747485628,31.434574748563
17,182,567.498711381864,56.749871138186
17,183,256.719799979472,25.671979997947
17,184,507.231476307160,50.723147630716
17,185,289.875003034714,28.987500303471
17,186,434.075775298944,43.407577529894
17,187,59.992427698723,5.999242769872
17,188,54.791135537351,5.479113553735
17,189,100.015837631431,10.001583763143
17,190,179.466605071672,17.946660507167
17,191,249.779788594089,24.977978859409
17,192,124.766571929932,12.476657192993
17,193,35.588441664952,3.558844166495
18,1,63.696239252798,6.369623925280
18,2,76.985111903388,7.698511190339
18,3,353.083644646222,35.308364464622
18,4,81.893039367673,8.189303936767
18,5,92.475061641544,9.247506164154
18,6,78.681581236017,7.868158123602
18,7,530.904469369923,53.090446936992
18,8,1211.878050962941,121.187805096294
18,9,306.810290788500,30.681029078850
18,10,674.050102664109,67.405010266411
18,11,558.303162124583,55.830316212458
18,12,306.347642265360,30.634764226536
18,13,330.189056030225,33.018905603023
18,14,354.103349964044,35.410334996404
18,15,104.750673692921,10.475067369292
18,16,451.270029631446,45.127002963145
18,17,486.608135786841,48.660813578684
18,18,508.039087670177,50.803908767018
18,19,478.285193068019,47.828519306802
18,20,246.995554720211,24.699555472021
18,21,745.541983243987,74.554198324399
18,22,602.042918838837,60.204291883884
18,23,352.310346973949,35.231034697395
18,24,576.386836859615,57.638683685961
18,25,466.108377181705,46.610837718171
18,26,550.142091540191,55.014209154019
18,27,31.337032872435,3.133703287243
18,28,124.723473710496,12.472347371050
18,29,606.556141568724,60.655614156872
18,30,471.282663494893,47.128266349489
18,31,383.288463868518,38.328846386852
18,32,158.030945017290,15.803094501729
18,33,455.710783557397,45.571078355740
18,34,1019.149563683512,101.914956368351
18,35,620.874592297559,62.087459229756
18,36,716.249777313263,71.624977731326
18,37,878.108199576081,87.810819957608
18,38,355.643843394163,35.564384339416
18,39,686.137103854911,68.613710385491
18,40,1040.066994903196,104.006699490320
18,41,187.927514719722,18.792751471972
18,42,1146.923788925451,114.692378892545
18,43,597.788239022519,59.778823902252
18,44,184.434545794348,18.443454579435
18,45,337.690571369714,33.769057136971
18,46,1062.326230249492,106.232623024949
18,47,2690.708893353834,269.070889335383
18,48,187.688923009508,18.768892300951
18,49,383.998342767242,38.399834276724
18,50,456.641359788070,45.664135978807
18,51,1829.420175252829,182.942017525283
18,52,421.003299973999,42.100329997400
18,53,873.748964484453,87.374896448445
18,54,375.413771897220,37.541377189722
18,55,1092.764156315101,109.276415631510
18,56,151.823789705716,15.182378970572
18,57,1720.619681522361,172.061968152236
18,58,1288.008414920568,128.800841492057
18,59,116.955119596251,11.695511959625
18,60,170.322531743517,17.032253174352
18,61,815.409931856008,81.540993185601
18,62,959.739405110044,95.973940511004
18,63,132.966543055066,13.296654305507
18,64,484.488988898616,48.448898889862
18,65,115.219364904440,11.521936490444
18,66,33.283817818281,3.328381781828
18,67,26.370691575649,2.637069157565
18,68,41.635007601645,4.163500760165
18,69,43.323249633922,4.332324963392
18,70,238.948295124024,23.894829512402
18,71,269.479669609468,26.947966960947
18,72,94.083498860404,9.408349886040
18,73,305.533413773834,30.553341377383
18,74,86.889204628235,8.688920462824
18,75,180.322129713287,18.032212971329
18,76,80.273083928319,8.027308392832
18,77,331.040924420862,33.104092442086
18,78,80.120604628458,8.012060462846
18,79,146.046647959218,14.604664795922
18,80,38.753052849096,3.875305284910
18,81,211.526360245870,21.152636024587
18,82,91.972990637549,9.197299063755
18,83,241.867821214849,24.186782121485
18,84,352.813994877178,35.281399487718
18,85,227.797560713306,22.779756071331
18,86,223.075227432800,22.307522743280
18,87,51.033121354831,5.103312135483
18,88,14.349714470174,1.434971447017
18,89,77.406349681422,7.740634968142
18,90,155.022358400153,15.502235840015
18,91,51.894108336691,5.189410833669
18,92,26.337713813404,2.633771381340
18,93,102.685347061167,10.268534706117
18,94,37.956787296673,3.795678729667
18,95,58.327103042934,5.832710304293
18,96,150.901989262085,15.090198926208
18,97,46.954025840196,4.695402584020
18,98,242.076383278778,24.207638327878
18,99,776.686634409853,77.668663440985
18,100,182.014759639085,18.201475963909
18,101,283.864830031992,28.386483003199
18,102,83.568803327749,8.356880332775
18,103,87.608270679020,8.760827067902
18,104,185.074766883424,18.507476688342
18,105,124.068306359114,12.406830635911
18,106,146.832560825364,14.683256082536
18,107,27.879784142756,2.787978414276
18,108,762.103607413857,76.210360741386
18,109,399.089268438316,39.908926843832
18,110,233.551117532127,23.355111753213
18,111,147.899024633522,14.789902463352
18,112,27.342747112265,2.734274711226
18,113,581.210982981980,58.121098298198
18,114,64.290387459901,6.429038745990
18,115,28.034525950215,2.803452595021
18,116,39.575508640974,3.957550864097
18,117,238.962487217132,23.896248721713
18,118,86.787048982195,8.678704898220
18,119,87.431246599774,8.743124659977
18,120,35.848884385596,3.584888438560
18,121,83.426813835837,8.342681383584
18,122,69.085669470197,6.908566947020
18,123,56.189444728917,5.618944472892
18,124,109.197255289954,10.919725528995
18,125,23.256452709822,2.325645270982
18,126,387.439068335380,38.743906833538
18,127,305.299758443831,30.529975844383
18,128,461.277854901567,46.127785490157
18,129,54.597393549924,5.459739354992
18,130,69.067295166077,6.906729516608
18,131,176.996037863390,17.699603786339
18,132,95.012223948498,9.501222394850
18,133,284.376636674737,28.437663667474
18,134,647.897571669467,64.789757166947
18,135,137.500196914160,13.750019691416
18,136,158.118634326877,15.811863432688
18,137,1881.746971027211,188.174697102721
18,138,40.663294869211,4.066329486921
18,139,43.141357735302,4.314135773530
18,140,49.888498193327,4.988849819333
18,141,51.856194194235,5.185619419423
18,142,70.461548332434,7.046154833243
18,143,101.309468198929,10.130946819893
18,144,46.603337162683,4.660333716268
18,145,144.763943273469,14.476394327347
18,146,42.340087241831,4.234008724183
18,147,57.394127182992,5.739412718299
18,148,310.738415341671,31.073841534167
18,149,1229.313620112726,122.931362011273
18,150,683.619207142949,68.361920714295
18,151,577.766006641993,57.776600664199
18,152,258.937549742305,25.893754974230
18,153,202.905794936806,20.290579493681
18,154,138.882383373335,13.888238337333
18,155,389.165635875131,38.916563587513
18,156,419.258221008456,41.925822100846
18,157,197.372181280734,19.737218128073
18,158,516.352431871921,51.635243187192
18,159,359.127556606641,35.912755660664
18,160,1024.939869110573,102.493986911057
18,161,169.006095126325,16.900609512632
18,162,60.982669914124,6.098266991412
18,163,64.141747566871,6.414174756687
18,164,53.942363320215,5.394236332021
18,165,1572.857641439704,157.285764143970
18,166,505.203754286290,50.520375428629
18,167,2099.183686724449,209.918368672445
18,168,133.681838259855,13.368183825986
18,169,37.673836725393,3.767383672539
18,170,165.546035402359,16.554603540236
18,171,46.342463180681,4.634246318068
18,172,488.745519857514,48.874551985751
18,173,50.716781656288,5.071678165629
18,174,367.766564780661,36.776656478066
18,175,166.745095867860,16.674509586786
18,176,483.191749315579,48.319174931558
18,177,617.810539963880,61.781053996388
18,178,698.346760381798,69.834676038180
18,179,372.745795514665,37.274579551467
18,180,348.627533092947,34.862753309295
18,181,316.053319930046,31.605331993005
18,182,570.581448048575,57.058144804857
18,183,258.114339781228,25.811433978123
18,184,509.986832467730,50.998683246773
18,185,291.449646787546,29.144964678755
18,186,436.433738906274,43.643373890627
18,187,60.318315410682,6.031831541068
18,188,55.088769063461,5.508876906346
18,189,100.559138406806,10.055913840681
18,190,180.441494129230,18.044149412923
18,191,251.136629230832,25.113662923083
18,192,125.444322343024,12.544432234302
18,193,35.781763326889,3.578176332689
19,1,64.233269044702,6.423326904470
19,2,77.634181599027,7.763418159903
19,3,356.060530541425,35.606053054143
19,4,82.583488323623,8.258348832362
19,5,93.254728756781,9.325472875678
19,6,79.344954045677,7.934495404568
19,7,535.380581618485,53.538058161848
19,8,1222.095524163187,122.209552416319
19,9,309.397041098236,30.939704109824
19,10,679.733091025951,67.973309102595
19,11,563.010275676221,56.301027567622
19,12,308.930491936016,30.893049193602
19,13,332.972915205101,33.297291520510
19,14,357.088833103623,35.708883310362
19,15,105.633837803629,10.563383780363
19,16,455.074735418608,45.507473541861
19,17,490.710780918893,49.071078091889
19,18,512.322419445039,51.232241944504
19,19,482.317666581641,48.231766658164
19,20,249.078000605693,24.907800060569
19,21,751.827727281848,75.182772728185
19,22,607.118806947996,60.711880694800
19,23,355.280713113938,35.528071311394
19,24,581.246415803147,58.124641580315
19,25,470.038186660869,47.003818666087
19,26,554.780398234642,55.478039823464
19,27,31.601238741412,3.160123874141
19,28,125.775030629995,12.577503063000
19,29,611.670081140448,61.167008114045
19,30,475.256097934253,47.525609793425
19,31,386.520009818565,38.652000981856
19,32,159.363320782525,15.936332078253
19,33,459.552929814903,45.955292981490
19,34,1027.742122436189,102.774212243619
19,35,626.109252255690,62.610925225569
19,36,722.288555636350,72.228855563635
19,37,885.511623533595,88.551162353360
19,38,358.642314598279,35.864231459828
19,39,691.921999013927,69.192199901393
19,40,1048.835910751157,104.883591075116
19,41,189.511951655198,18.951195165520
19,42,1156.593625809418,115.659362580942
19,43,602.828255472014,60.282825547201
19,44,185.989533135983,18.598953313598
19,45,340.537676621108,34.053767662111
19,46,1071.282816086547,107.128281608655
19,47,2713.394547232673,271.339454723267
19,48,189.271348352807,18.927134835281
19,49,387.235873782055,38.723587378206
19,50,460.491351833104,46.049135183310
19,51,1844.844212017736,184.484421201774
19,52,424.552823732831,42.455282373283
19,53,881.115635265617,88.111563526562
19,54,378.578925478733,37.857892547873
19,55,1101.977367555678,110.197736755568
19,56,153.103832281984,15.310383228198
19,57,1735.126409711556,173.512640971156
19,58,1298.867751345290,129.886775134529
19,59,117.941180693039,11.794118069304
19,60,171.758539188412,17.175853918841
19,61,822.284740026132,82.228474002613
19,62,967.831070474509,96.783107047451
19,63,134.087598172051,13.408759817205
19,64,488.573767277062,48.857376727706
19,65,116.190791668152,11.619079166815
19,66,33.564437238931,3.356443723893
19,67,26.593025691060,2.659302569106
19,68,41.986036794743,4.198603679474
19,69,43.688512575792,4.368851257579
19,70,240.962893704908,24.096289370491
19,71,271.751681467474,27.175168146747
19,72,94.876726881514,9.487672688151
19,73,308.109398597170,30.810939859717
19,74,87.621776786774,8.762177678677
19,75,181.842444835995,18.184244483599
19,76,80.949874867050,8.094987486705
19,77,333.831965789065,33.383196578907
19,78,80.796109997936,8.079610999794
19,79,147.277982836785,14.727798283679
19,80,39.079783974063,3.907978397406
19,81,213.309761566853,21.330976156685
19,82,92.748424738562,9.274842473856
19,83,243.907034631827,24.390703463183
19,84,355.788607326397,35.578860732640
19,85,229.718146262174,22.971814626217
19,86,224.955998485731,22.495599848573
19,87,51.463387048110,5.146338704811
19,88,14.470698444521,1.447069844452
19,89,78.058970877730,7.805897087773
19,90,156.329368450491,15.632936845049
19,91,52.331633103114,5.233163310311
19,92,26.559769889781,2.655976988978
19,93,103.551098182595,10.355109818259
19,94,38.276805021776,3.827680502178
19,95,58.818865074366,5.881886507437
19,96,152.174260040423,15.217426004042
19,97,47.349900243801,4.734990024380
19,98,244.117355104778,24.411735510478
19,99,783.234962325988,78.323496232599
19,100,183.549345505364,18.354934550536
19,101,286.258124712954,28.625812471295
19,102,84.273380828513,8.427338082851
19,103,88.346905360184,8.834690536018
19,104,186.635151997397,18.663515199740
19,105,125.114339492742,12.511433949274
19,106,148.070521818193,14.807052181819
19,107,28.114841578677,2.811484157868
19,108,768.528984272836,76.852898427284
19,109,402.454032658226,40.245403265823
19,110,235.520211932654,23.552021193265
19,111,149.145977096548,14.914597709655
19,112,27.573276731659,2.757327673166
19,113,586.111234816385,58.611123481639
19,114,64.832426578757,6.483242657876
19,115,28.270888030830,2.827088803083
19,116,39.909173978508,3.990917397851
19,117,240.977205453068,24.097720545307
19,118,87.518759855578,8.751875985558
19,119,88.168388772031,8.816838877203
19,120,36.151130156264,3.615113015626
19,121,84.130194208038,8.413019420804
19,122,69.668138123517,6.966813812352
19,123,56.663183934935,5.666318393494
19,124,110.117909004723,11.011790900472
19,125,23.452530344949,2.345253034495
19,126,390.705608474712,39.070560847471
19,127,307.873773294139,30.787377329414
19,128,465.166937731790,46.516693773179
19,129,55.057710002522,5.505771000252
19,130,69.649608903678,6.964960890368
19,131,178.488310350694,17.848831035069
19,132,95.813282149955,9.581328214996
19,133,286.774246452133,28.677424645213
19,134,653.360065251042,65.336006525104
19,135,138.659475750742,13.865947575074
19,136,159.451749410042,15.945174941004
19,137,1897.612180592512,189.761218059251
19,138,41.006131448543,4.100613144854
19,139,43.505087127160,4.350508712716
19,140,50.309113446558,5.030911344656
19,141,52.293399302476,5.229339930248
19,142,71.055617167300,7.105561716730
19,143,102.163619138812,10.216361913881
19,144,46.996254872615,4.699625487262
19,145,145.984463530919,14.598446353092
19,146,42.697061036633,4.269706103663
19,147,57.878023195365,5.787802319536
19,148,313.358284088793,31.335828408879
19,149,1239.678094457499,123.967809445750
19,150,689.382873646032,68.938287364603
19,151,582.637213513169,58.263721351317
19,152,261.120679862474,26.112067986247
19,153,204.616515351532,20.461651535153
19,154,140.053315571484,14.005331557148
19,155,392.446732889680,39.244673288968
19,156,422.793031820264,42.279303182026
19,157,199.036247208083,19.903624720808
19,158,520.705854339092,52.070585433909
19,159,362.155399368693,36.215539936869
19,160,1033.581246546348,103.358124654635
19,161,170.431003553587,17.043100355359
19,162,61.496821313295,6.149682131330
19,163,64.682533486923,6.468253348692
19,164,54.397157143029,5.439715714303
19,165,1586.118572097243,158.611857209724
19,166,509.463181062757,50.946318106276
19,167,2116.882128448398,211.688212844840
19,168,134.808924107061,13.480892410706
19,169,37.991468864028,3.799146886403
19,170,166.941771696772,16.694177169677
19,171,46.733181434226,4.673318143423
19,172,492.866185502804,49.286618550280
19,173,51.144380255804,5.114438025580
19,174,370.867243942733,37.086724394273
19,175,168.150941569042,16.815094156904
19,176,487.265590528636,48.726559052864
19,177,623.019366569738,62.301936656974
19,178,704.234596458217,70.423459645822
19,179,375.888455102525,37.588845510252
19,180,351.566849036011,35.156684903601
19,181,318.717999205051,31.871799920505
19,182,575.392081139389,57.539208113939
19,183,260.290529330349,26.029052933035
19,184,514.286585886878,51.428658588688
19,185,293.906889868157,29.390688986816
19,186,440.113358342747,44.011335834275
19,187,60.826865566123,6.082686556612
19,188,55.553228355461,5.555322835546
19,189,101.406963236124,10.140696323612
19,190,181.962815626070,18.196281562607
19,191,253.253988957520,25.325398895752
19,192,126.501956814285,12.650195681429
19,193,36.083443192747,3.608344319275
20,1,63.993354861602,6.399335486160
20,2,77.344214397670,7.734421439767
20,3,354.730628255752,35.473062825575
20,4,82.275035236409,8.227503523641
20,5,92.906418100908,9.290641810091
20,6,79.048597031375,7.904859703137
20,7,533.380910781291,53.338091078129
20,8,1217.530941763604,121.753094176360
20,9,308.241429069261,30.824142906926
20,10,677.194256996724,67.719425699672
20,11,560.907406674311,56.090740667431
20,12,307.776622489393,30.777662248939
20,13,331.729246213412,33.172924621341
20,14,355.755090061082,35.575509006108
20,15,105.239290612100,10.523929061210
20,16,453.375010571641,45.337501057164
20,17,488.877953820208,48.887795382021
20,18,510.408871892926,51.040887189293
20,19,480.516188146971,48.051618814697
20,20,248.147682938040,24.814768293804
20,21,749.019616505221,74.901961650522
20,22,604.851190574433,60.485119057443
20,23,353.953723481845,35.395372348185
20,24,579.075433987947,57.907543398795
20,25,468.282572642535,46.828257264253
20,26,552.708268199513,55.270826819951
20,27,31.483206676560,3.148320667656
20,28,125.305255166646,12.530525516665
20,29,609.385465550650,60.938546555065
20,30,473.480994779849,47.348099477985
20,31,385.076339991599,38.507633999160
20,32,158.768091526873,15.876809152687
20,33,457.836478708066,45.783647870807
20,34,1023.903458836963,102.390345883696
20,35,623.770705704659,62.377070570466
20,36,719.590775010130,71.959077501013
20,37,882.204197320595,88.220419732060
20,38,357.302769231658,35.730276923166
20,39,689.337638858655,68.933763885865
20,40,1044.918460892608,104.491846089261
20,41,188.804115891190,18.880411589119
20,42,1152.273695981138,115.227369598114
20,43,600.576664503474,60.057666450347
20,44,185.294853765448,18.529485376545
20,45,339.265752901263,33.926575290126
20,46,1067.281526015026,106.728152601503
20,47,2703.259895113802,270.325989511380
20,48,188.564411253084,18.856441125308
20,49,385.789530170607,38.578953017061
20,50,458.771395677322,45.877139567732
20,51,1837.953634928097,183.795363492810
20,52,422.967099615045,42.296709961504
20,53,877.824628268857,87.782462826886
20,54,377.164915963171,37.716491596317
20,55,1097.861431937529,109.786143193753
20,56,152.531982500747,15.253198250075
20,57,1728.645633606722,172.864563360672
20,58,1294.016421183323,129.401642118332
20,59,117.500665015718,11.750066501572
20,60,171.117013227915,17.111701322792
20,61,819.213469100450,81.921346910045
20,62,964.216177380875,96.421617738088
20,63,133.586774890632,13.358677489063
20,64,486.748922021583,48.674892202158
20,65,115.756813773498,11.575681377350
20,66,33.439072538346,3.343907253835
20,67,26.493699529871,2.649369952987
20,68,41.829217036555,4.182921703655
20,69,43.525333993084,4.352533399308
20,70,240.062886330844,24.006288633084
20,71,270.736676569937,27.073667656994
20,72,94.522357988828,9.452235798883
20,73,306.958595971536,30.695859597154
20,74,87.294505462861,8.729450546286
20,75,181.163255028992,18.116325502899
20,76,80.647523400441,8.064752340044
20,77,332.585088204351,33.258508820435
20,78,80.494332850112,8.049433285011
20,79,146.727892868357,14.672789286836
20,80,38.933819202422,3.893381920242
20,81,212.513039899801,21.251303989980
20,82,92.402005151238,9.240200515124
20,83,242.996030757414,24.299603075741
20,84,354.459720686307,35.445972068631
20,85,228.860138531550,22.886013853155
20,86,224.115777593774,22.411577759377
20,87,51.271168955418,5.127116895542
20,88,14.416649727278,1.441664972728
20,89,77.767417069085,7.776741706908
20,90,155.745471144872,15.574547114487
20,91,52.136172071893,5.213617207189
20,92,26.460567940523,2.646056794052
20,93,103.164330118334,10.316433011833
20,94,38.133839413065,3.813383941307
20,95,58.599173936502,5.859917393650
20,96,151.605882253812,15.160588225381
20,97,47.173046211524,4.717304621152
20,98,243.205565673827,24.320556567383
20,99,780.309544097147,78.030954409715
20,100,182.863780346681,18.286378034668
20,101,285.188937589716,28.518893758972
20,102,83.958615915887,8.395861591589
20,103,88.016925648049,8.801692564805
20,104,185.938061211033,18.593806121103
20,105,124.647031740859,12.464703174086
20,106,147.517471680601,14.751747168060
20,107,28.009831365891,2.800983136589
20,108,765.658493541285,76.565849354128
20,109,400.950848530806,40.095084853081
20,110,234.640533222702,23.464053322270
20,111,148.588910084548,14.858891008455
20,112,27.470289288223,2.747028928822
20,113,583.922082680776,58.392208268078
20,114,64.590274515001,6.459027451500
20,115,28.165294977444,2.816529497744
20,116,39.760111397456,3.976011139746
20,117,240.077144623973,24.007714462397
20,118,87.191873304591,8.719187330459
20,119,87.839075827477,8.783907582748
20,120,36.016104039914,3.601610403991
20,121,83.815964103957,8.381596410396
20,122,69.407924457070,6.940792445707
20,123,56.451544364231,5.645154436423
20,124,109.706613603190,10.970661360319
20,125,23.364934076801,2.336493407680
20,126,389.246305246281,38.924630524628
20,127,306.723850739735,30.672385073974
20,128,463.429518049894,46.342951804989
20,129,54.852066950019,5.485206695002
20,130,69.389464444711,6.938946444471
20,131,177.821648388638,17.782164838864
20,132,95.455415180720,9.545541518072
20,133,285.703131590710,28.570313159071
20,134,650.919735673305,65.091973567331
20,135,138.141576298503,13.814157629850
20,136,158.856189869442,15.885618986944
20,137,1890.524512738808,189.052451273881
20,138,40.852971681418,4.085297168142
20,139,43.342593646849,4.334259364685
20,140,50.121206618298,5.012120661830
20,141,52.098081076240,5.209808107624
20,142,70.790221203481,7.079022120348
20,143,101.782033371924,10.178203337192
20,144,46.820721721895,4.682072172189
20,145,145.439204915966,14.543920491597
20,146,42.537585570544,4.253758557054
20,147,57.661846144736,5.766184614474
20,148,312.187876636973,31.218787663697
20,149,1235.047840357695,123.504784035769
20,150,686.807997239563,68.680799723956
20,151,580.461037005228,58.046103700523
20,152,260.145382239743,26.014538223974
20,153,203.852263354720,20.385226335472
20,154,139.530210064082,13.953021006408
20,155,390.980926482321,39.098092648232
20,156,421.213880605358,42.121388060536
20,157,198.292837766741,19.829283776674
20,158,518.760994276125,51.876099427612
20,159,360.802732470576,36.080273247058
20,160,1029.720773552835,102.972077355284
20,161,169.794435999102,16.979443599910
20,162,61.267127887007,6.126712788701
20,163,64.440941280686,6.444094128069
20,164,54.193981285518,5.419398128552
20,165,1580.194347047155,158.019434704716
20,166,507.560312896124,50.756031289612
20,167,2108.975477360609,210.897547736061
20,168,134.305406640448,13.430540664045
20,169,37.849568998852,3.784956899885
20,170,166.318236582064,16.631823658206
20,171,46.558630874770,4.655863087477
20,172,491.025307869907,49.102530786991
20,173,50.953353667998,5.095335366800
20,174,369.482037908661,36.948203790866
20,175,167.522890149833,16.752289014983
20,176,485.445631372847,48.544563137285
20,177,620.692360882363,62.069236088236
20,178,701.604248191152,70.160424819115
20,179,374.484494616259,37.448449461626
20,180,350.253730855266,35.025373085527
20,181,317.527572973355,31.752757297336
20,182,573.242965530585,57.324296553059
20,183,259.318332357634,25.931833235763
20,184,512.365702083716,51.236570208372
20,185,292.809134258974,29.280913425897
20,186,438.469514920042,43.846951492004
20,187,60.599674455039,6.059967445504
20,188,55.345734519359,5.534573451936
20,189,101.028203613467,10.102820361347
20,190,181.283176228688,18.128317622869
20,191,252.308073783326,25.230807378333
20,192,126.029466248556,12.602946624856
20,193,35.948669890286,3.594866989029
21,1,63.135238190175,6.313523819018
21,2,76.307069838573,7.630706983857
21,3,349.973880205422,34.997388020542
21,4,81.171771006376,8.117177100638
21,5,91.660592711266,9.166059271127
21,6,77.988597612494,7.798859761249
21,7,526.228557966656,52.622855796666
21,8,1201.204502848734,120.120450284873
21,9,304.108076322232,30.410807632223
21,10,668.113444106382,66.811344410638
21,11,553.385938268176,55.338593826818
21,12,303.649502550068,30.364950255007
21,13,327.280934397423,32.728093439742
21,14,350.984604525723,35.098460452572
21,15,103.828087996473,10.382808799647
21,16,447.295494099637,44.729549409964
21,17,482.322361862676,48.232236186268
21,18,503.564561836627,50.356456183663
21,19,474.072722996078,47.407272299608
21,20,244.820155194486,24.482015519449
21,21,738.975663948912,73.897566394891
21,22,596.740459522953,59.674045952295
21,23,349.207393309122,34.920739330912
21,24,571.310342049986,57.131034204999
21,25,462.003153734238,46.200315373424
21,26,545.296745856243,54.529674585624
21,27,31.061033709108,3.106103370911
21,28,123.624978695621,12.362497869562
21,29,601.213932296217,60.121393229622
21,30,467.131867810289,46.713186781029
21,31,379.912672172752,37.991267217275
21,32,156.639096312847,15.663909631285
21,33,451.697136333901,45.169713633390
21,34,1010.173460935463,101.017346093546
21,35,615.406274071553,61.540627407155
21,36,709.941447482659,70.994144748266
21,37,870.374310749390,87.037431074939
21,38,352.511530146165,35.251153014616
21,39,680.093989710614,68.009398971061
21,40,1030.906663050270,103.090666305027
21,41,186.272353650710,18.627235365071
21,42,1136.822321839141,113.682232183914
21,43,592.523252561015,59.252325256101
21,44,182.810148853671,18.281014885367
21,45,334.716380560362,33.471638056036
21,46,1052.969851426935,105.296985142693
21,47,2667.010625354248,266.701062535425
21,48,186.035863323631,18.603586332363
21,49,380.616298852803,38.061629885280
21,50,452.619516566500,45.261951656650
21,51,1813.307659438102,181.330765943810
21,52,417.295336969849,41.729533696985
21,53,866.053469376878,86.605346937688
21,54,372.107336110305,37.210733611030
21,55,1083.139697162102,108.313969716210
21,56,150.486610174312,15.048661017431
21,57,1705.465419967424,170.546541996742
21,58,1276.664352886245,127.666435288625
21,59,115.925043925500,11.592504392550
21,60,168.822425576850,16.882242557685
21,61,808.228254513514,80.822825451351
21,62,951.286554008893,95.128655400889
21,63,131.795447668240,13.179544766824
21,64,480.221879242076,48.022187924208
21,65,114.204576796000,11.420457679600
21,66,32.990672455490,3.299067245549
21,67,26.138433185365,2.613843318536
21,68,41.268309602190,4.126830960219
21,69,42.941682537246,4.294168253725
21,70,236.843771386849,23.684377138685
21,71,267.106242500121,26.710624250012
21,72,93.254863709333,9.325486370933
21,73,302.842445330416,30.284244533042
21,74,86.123932821004,8.612393282100
21,75,178.733952647103,17.873395264710
21,76,79.566083233898,7.956608323390
21,77,328.125300004882,32.812530000488
21,78,79.414946886937,7.941494688694
21,79,144.760350280443,14.476035028044
21,80,38.411737504843,3.841173750484
21,81,209.663353665535,20.966335366553
21,82,91.162943669542,9.116294366954
21,83,239.737583915012,23.973758391501
21,84,349.706605361628,34.970660536163
21,85,225.791246445430,22.579124644543
21,86,221.110504851019,22.111050485102
21,87,50.583649994436,5.058364999444
21,88,14.223330163022,1.422333016302
21,89,76.724597588451,7.672459758845
21,90,153.657007653972,15.365700765397
21,91,51.437053881637,5.143705388164
21,92,26.105745872915,2.610574587292
21,93,101.780951613448,10.178095161345
21,94,37.622485016712,3.762248501671
21,95,57.813390347010,5.781339034701
21,96,149.572928436502,14.957292843650
21,97,46.540480885271,4.654048088527
21,98,239.944309080234,23.994430908023
21,99,769.846010342565,76.984601034257
21,100,180.411674829554,18.041167482955
21,101,281.364706427253,28.136470642725
21,102,82.832775769154,8.283277576915
21,103,86.836665737787,8.683666573779
21,104,183.444731231333,18.344473123133
21,105,122.975581694021,12.297558169402
21,106,145.539341263003,14.553934126300
21,107,27.634234504140,2.763423450414
21,108,755.391422540735,75.539142254073
21,109,395.574312040553,39.557431204055
21,110,231.494129134553,23.149412913455
21,111,146.596412250852,14.659641225085
21,112,27.101927397240,2.710192739724
21,113,576.091999775349,57.609199977535
21,114,63.724153470195,6.372415347019
21,115,27.787613431788,2.778761343179
21,116,39.226949563360,3.922694956336
21,117,236.857838483890,23.685783848389
21,118,86.022676905099,8.602267690510
21,119,86.661200788213,8.666120078821
21,120,35.533147342561,3.553314734256
21,121,82.692036841745,8.269203684175
21,122,68.477201302540,6.847720130254
21,123,55.694559338965,5.569455933896
21,124,108.235506574933,10.823550657493
21,125,23.051622804068,2.305162280407
21,126,384.026720423051,38.402672042305
21,127,302.610847906655,30.261084790666
21,128,457.215176008755,45.721517600875
21,129,54.116530061637,5.411653006164
21,130,68.458988829076,6.845898882908
21,131,175.437155165038,17.543715516504
21,132,94.175409103187,9.417540910319
21,133,281.872005361634,28.187200536163
21,134,642.191250064915,64.219125006492
21,135,136.289171624685,13.628917162469
21,136,156.726013303747,15.672601330375
21,137,1865.173589887036,186.517358988704
21,138,40.305155175267,4.030515517527
21,139,42.761392641344,4.276139264134
21,140,49.449108037371,4.944910803737
21,141,51.399473665868,5.139947366587
21,142,69.840962188696,6.984096218870
21,143,100.417190727292,10.041719072729
21,144,46.192880878659,4.619288087866
21,145,143.488942944431,14.348894294443
21,146,41.967179292903,4.196717929290
21,147,56.888631619743,5.688863161974
21,148,308.001604138228,30.800160413823
21,149,1218.486509198969,121.848650919897
21,150,677.598269233034,67.759826923303
21,151,572.677364871688,57.267736487169
21,152,256.656971763726,25.665697176373
21,153,201.118713503003,20.111871350300
21,154,137.659184553971,13.765918455397
21,155,385.738081315819,38.573808131582
21,156,415.565627689636,41.556562768964
21,157,195.633836839532,19.563383683953
21,158,511.804686724550,51.180468672455
21,159,355.964560749481,35.596456074948
21,160,1015.912768571515,101.591276857152
21,161,167.517583401493,16.751758340149
21,162,60.445568461594,6.044556846159
21,163,63.576822714704,6.357682271470
21,164,53.467268974018,5.346726897402
21,165,1559.004785783671,155.900478578367
21,166,500.754200492847,50.075420049285
21,167,2080.695243879059,208.069524387906
21,168,132.504442950543,13.250444295054
21,169,37.342026516754,3.734202651675
21,170,164.087997959913,16.408799795991
21,171,45.934304529654,4.593430452965
21,172,484.440921042759,48.444092104276
21,173,50.270096440085,5.027009644008
21,174,364.527481342468,36.452748134247
21,175,165.276497767466,16.527649776747
21,176,478.936065024070,47.893606502407
21,177,612.369208207332,61.236920820733
21,178,692.196110370922,69.219611037092
21,179,369.462857780433,36.946285778043
21,180,345.557015605277,34.555701560528
21,181,313.269698001876,31.326969800188
21,182,565.556083876015,56.555608387602
21,183,255.841012178313,25.584101217831
21,184,505.495151980877,50.549515198088
21,185,288.882720333698,28.888272033370
21,186,432.589873174753,43.258987317475
21,187,59.787065223262,5.978706522326
21,188,54.603577812837,5.460357781284
21,189,99.673469422822,9.967346942282
21,190,178.852265767633,17.885226576763
21,191,248.924757423099,24.892475742310
21,192,124.339478494158,12.433947849416
21,193,35.466617448822,3.546661744882
22,1,60.519637033237,6.051963703324
22,2,73.145778840491,7.314577884049
22,3,335.474971003458,33.547497100346
22,4,77.808942509309,7.780894250931
22,5,87.863227575505,8.786322757551
22,6,74.757643362684,7.475764336268
22,7,504.427673635058,50.442767363506
22,8,1151.440346136322,115.144034613632
22,9,291.509320713408,29.150932071341
22,10,640.434475158689,64.043447515869
22,11,530.459963141450,53.045996314145
22,12,291.069744986130,29.106974498613
22,13,313.722160958169,31.372216095817
22,14,336.443822484164,33.644382248416
22,15,99.526641215386,9.952664121539
22,16,428.764691882079,42.876469188208
22,17,462.340447422036,46.234044742204
22,18,482.702613924657,48.270261392466
22,19,454.432579103587,45.443257910359
22,20,234.677611988427,23.467761198843
22,21,708.360976224883,70.836097622488
22,22,572.018369592462,57.201836959246
22,23,334.740238545253,33.474023854525
22,24,547.641784926056,54.764178492606
22,25,442.863034554253,44.286303455425
22,26,522.705894214243,52.270589421424
22,27,29.774220226904,2.977422022690
22,28,118.503375505833,11.850337550583
22,29,576.306512890513,57.630651289051
22,30,447.779273460249,44.777927346025
22,31,364.173442332872,36.417344233287
22,32,150.149766213171,15.014976621317
22,33,432.983980475961,43.298398047596
22,34,968.323442643414,96.832344264341
22,35,589.910886573364,58.991088657336
22,36,680.529605148255,68.052960514826
22,37,834.315968064302,83.431596806430
22,38,337.907489795398,33.790748979540
22,39,651.918684171162,65.191868417116
22,40,988.197698328413,98.819769832841
22,41,178.555360768748,17.855536076875
22,42,1089.725425312359,108.972542531236
22,43,567.975875385633,56.797587538563
22,44,175.236590084453,17.523659008445
22,45,320.849567393317,32.084956739332
22,46,1009.346840877453,100.934684087745
22,47,2556.520251401238,255.652025140124
22,48,178.328667892203,17.832866789220
22,49,364.847918782225,36.484791878222
22,50,433.868147836118,43.386814783612
22,51,1738.184958584010,173.818495858401
22,52,400.007397659700,40.000739765970
22,53,830.174132869907,83.017413286991
22,54,356.691469999151,35.669146999915
22,55,1038.266793752917,103.826679375292
22,56,144.252168633280,14.425216863328
22,57,1634.810466355794,163.481046635579
22,58,1223.774004260753,122.377400426075
22,59,111.122437842090,11.112243784209
22,60,161.828357853118,16.182835785312
22,61,774.744532614684,77.474453261468
22,62,911.876134684092,91.187613468409
22,63,126.335353823944,12.633535382394
22,64,460.326984743549,46.032698474355
22,65,109.473247165224,10.947324716522
22,66,31.623916844576,3.162391684458
22,67,25.055555888311,2.505555588831
22,68,39.558623515076,3.955862351508
22,69,41.162671041526,4.116267104153
22,70,227.031678168998,22.703167816900
22,71,256.040419087775,25.604041908777
22,72,89.391450243250,8.939145024325
22,73,290.296122974104,29.029612297410
22,74,82.555943457470,8.255594345747
22,75,171.329264762346,17.132926476235
22,76,76.269776047524,7.626977604752
22,77,314.531545725719,31.453154572572
22,78,76.124901059755,7.612490105976
22,79,138.763139364221,13.876313936422
22,80,36.820395047956,3.682039504796
22,81,200.977305649633,20.097730564963
22,82,87.386195410293,8.738619541029
22,83,229.805604250010,22.980560425001
22,84,335.218768967984,33.521876896798
22,85,216.437043272071,21.643704327207
22,86,211.950217998887,21.195021799889
22,87,48.488042893864,4.848804289386
22,88,13.634078266675,1.363407826667
22,89,73.546009022529,7.354600902253
22,90,147.291221153241,14.729122115324
22,91,49.306091498362,4.930609149836
22,92,25.024222763708,2.502422276371
22,93,97.564314717384,9.756431471738
22,94,36.063840143302,3.606384014330
22,95,55.418265611396,5.541826561140
22,96,143.376339401916,14.337633940192
22,97,44.612376404516,4.461237640452
22,98,230.003765092094,23.000376509209
22,99,737.952409034665,73.795240903466
22,100,172.937481353193,17.293748135319
22,101,269.708175577775,26.970817557778
22,102,79.401134258883,7.940113425888
22,103,83.239148885402,8.323914888540
22,104,175.844882636516,17.584488263652
22,105,117.880882078171,11.788088207817
22,106,139.509857882565,13.950985788257
22,107,26.489388332459,2.648938833246
22,108,724.096653797046,72.409665379705
22,109,379.186243223707,37.918624322371
22,110,221.903663820000,22.190366382000
22,111,140.523135955744,14.052313595574
22,112,25.979133935339,2.597913393534
22,113,552.225345521559,55.222534552156
22,114,61.084154409139,6.108415440914
22,115,26.636412994058,2.663641299406
22,116,37.601834055725,3.760183405573
22,117,227.045162486655,22.704516248665
22,118,82.458882426995,8.245888242699
22,119,83.070953193667,8.307095319367
22,120,34.061060692331,3.406106069233
22,121,79.266225940686,7.926622594069
22,122,65.640290377910,6.564029037791
22,123,53.387214692487,5.338721469249
22,124,103.751466847918,10.375146684792
22,125,22.096627574716,2.209662757472
22,126,368.117051543552,36.811705154355
22,127,290.074120295005,29.007412029501
22,128,438.273415787050,43.827341578705
22,129,51.874560874598,5.187456087460
22,130,65.622832420751,6.562283242075
22,131,168.169048808370,16.816904880837
22,132,90.273858779365,9.027385877936
22,133,270.194457854617,27.019445785462
22,134,615.586199940828,61.558619994083
22,135,130.642909328090,13.064290932809
22,136,150.233082359464,15.023308235946
22,137,1787.902158916819,178.790215891682
22,138,38.635371176204,3.863537117620
22,139,40.989850293976,4.098985029398
22,140,47.400503361128,4.740050336113
22,141,49.270068176314,4.927006817631
22,142,66.947552632654,6.694755263265
22,143,96.257052462640,9.625705246264
22,144,44.279176960973,4.427917696097
22,145,137.544404586266,13.754440458627
22,146,40.228540050245,4.022854005025
22,147,54.531818294147,5.453181829415
22,148,295.241545330874,29.524154533087
22,149,1168.006384081279,116.800638408128
22,150,649.526357765668,64.952635776567
22,151,548.952173979097,54.895217397910
22,152,246.024046450931,24.602404645093
22,153,192.786657510184,19.278665751018
22,154,131.956164612903,13.195616461290
22,155,369.757513241839,36.975751324184
22,156,398.349347720992,39.834934772099
22,157,187.529011315115,18.752901131512
22,158,490.601362414738,49.060136241474
22,159,341.217466359482,34.121746635948
22,160,973.824979105662,97.382497910566
22,161,160.577573392617,16.057757339262
22,162,57.941396412322,5.794139641232
22,163,60.942927352717,6.094292735272
22,164,51.252197730198,5.125219773020
22,165,1494.417483379171,149.441748337917
22,166,480.008681766747,48.000868176675
22,167,1994.495064024916,199.449506402492
22,168,127.014976462161,12.701497646216
22,169,35.795000631376,3.579500063138
22,170,157.290070691294,15.729007069129
22,171,44.031313054291,4.403131305429
22,172,464.371237774420,46.437123777442
22,173,48.187479407548,4.818747940755
22,174,349.425637597722,34.942563759772
22,175,158.429332679196,15.842933267920
22,176,459.094439939781,45.909443993978
22,177,586.999641933801,58.699964193380
22,178,663.519431561837,66.351943156184
22,179,354.156548562979,35.415654856298
22,180,331.241090684190,33.124109068419
22,181,300.291389722442,30.029138972244
22,182,542.125917304946,54.212591730495
22,183,245.241890885219,24.524189088522
22,184,484.553222525166,48.455322252517
22,185,276.914729094820,27.691472909482
22,186,414.668303458841,41.466830345884
22,187,57.310174006080,5.731017400608
22,188,52.341430945345,5.234143094534
22,189,95.544142450884,9.554414245088
22,190,171.442676342250,17.144267634225
22,191,238.612166512372,23.861216651237
22,192,119.188274616177,11.918827461618
22,193,33.997287035394,3.399728703539
23,1,57.588666264688,5.758866626469
23,2,69.603323033850,6.960332303385
23,3,319.227891843834,31.922789184383
23,4,74.040649320419,7.404064932042
23,5,83.608004572223,8.360800457222
23,6,71.137124830803,7.113712483080
23,7,479.998201834703,47.999820183470
23,8,1095.675999856465,109.567599985646
23,9,277.391501445901,27.739150144590
23,10,609.418183292467,60.941818329247
23,11,504.769745518384,50.476974551838
23,12,276.973214405575,27.697321440557
23,13,298.528572095281,29.852857209528
23,14,320.149821771335,32.014982177133
23,15,94.706558174671,9.470655817467
23,16,407.999584222861,40.799958422286
23,17,439.949263288408,43.994926328841
23,18,459.325288470143,45.932528847014
23,19,432.424373652898,43.242437365290
23,20,223.312156832226,22.331215683223
23,21,674.054998584018,67.405499858402
23,22,544.315475085223,54.431547508522
23,23,318.528742536211,31.852874253621
23,24,521.119450326257,52.111945032626
23,25,421.415143053578,42.141514305358
23,26,497.391206757534,49.739120675753
23,27,28.332252405890,2.833225240589
23,28,112.764247734939,11.276424773494
23,29,548.395943266996,54.839594326700
23,30,426.093288123737,42.609328812374
23,31,346.536493955718,34.653649395572
23,32,142.878001258046,14.287800125805
23,33,412.014532339189,41.201453233919
23,34,921.427462363009,92.142746236301
23,35,561.341456065290,56.134145606529
23,36,647.571502991663,64.757150299166
23,37,793.909980289018,79.390998028902
23,38,321.542603559879,32.154260355988
23,39,620.346211161670,62.034621116167
23,40,940.339206286290,94.033920628629
23,41,169.907910641224,16.990791064122
23,42,1036.949937488790,103.694993748879
23,43,540.468759189915,54.046875918992
23,44,166.749868281486,16.674986828149
23,45,305.310797677716,30.531079767772
23,46,960.464094202788,96.046409420279
23,47,2432.707775097990,243.270777509799
23,48,169.692196518471,16.969219651847
23,49,347.178305457725,34.717830545772
23,50,412.855879404741,41.285587940474
23,51,1654.004524700340,165.400452470034
23,52,380.635008015331,38.063500801533
23,53,789.968734497964,78.996873449796
23,54,339.416874128989,33.941687412899
23,55,987.983451492075,98.798345149208
23,56,137.266024791544,13.726602479154
23,57,1555.636467239207,155.563646723921
23,58,1164.506533244234,116.450653324423
23,59,105.740769461195,10.574076946120
23,60,153.990997788827,15.399099778883
23,61,737.223594130879,73.722359413088
23,62,867.713901955761,86.771390195576
23,63,120.216922728780,12.021692272878
23,64,438.033312765372,43.803331276537
23,65,104.171449218168,10.417144921817
23,66,30.092368071282,3.009236807128
23,67,23.842113351337,2.384211335134
23,68,37.642796275348,3.764279627535
23,69,39.169159654275,3.916915965427
23,70,216.036516187402,21.603651618740
23,71,243.640361508100,24.364036150810
23,72,85.062215296298,8.506221529630
23,73,276.237058968272,27.623705896827
23,74,78.557752640316,7.855775264032
23,75,163.031775031211,16.303177503121
23,76,72.576024811107,7.257602481111
23,77,299.298758295052,29.929875829505
23,78,72.438166130360,7.243816613036
23,79,132.042829640533,13.204282964053
23,80,35.037180427672,3.503718042767
23,81,191.243958972799,19.124395897280
23,82,83.154075112189,8.315407511219
23,83,218.676100810731,21.867610081073
23,84,318.984097693033,31.898409769303
23,85,205.954980289554,20.595498028955
23,86,201.685452316287,20.168545231629
23,87,46.139763173217,4.613976317322
23,88,12.973778786792,1.297377878679
23,89,69.984170036779,6.998417003678
23,90,140.157895759586,14.015789575959
23,91,46.918193619634,4.691819361963
23,92,23.812297692416,2.381229769242
23,93,92.839267302888,9.283926730289
23,94,34.317265536393,3.431726553639
23,95,52.734354660948,5.273435466095
23,96,136.432612038553,13.643261203855
23,97,42.451795515947,4.245179551595
23,98,218.864664707689,21.886466470769
23,99,702.213315981734,70.221331598173
23,100,164.562105566418,16.456210556642
23,101,256.646187479221,25.664618747922
23,102,75.555731098673,7.555573109867
23,103,79.207870375784,7.920787037578
23,104,167.328701177540,16.732870117754
23,105,112.171901712805,11.217190171280
23,106,132.753384522463,13.275338452246
23,107,25.206505177748,2.520650517775
23,108,689.028596057089,68.902859605709
23,109,360.822223721839,36.082222372184
23,110,211.156851975557,21.115685197556
23,111,133.717589459078,13.371758945908
23,112,24.720962441104,2.472096244110
23,113,525.481028722595,52.548102872259
23,114,58.125844019796,5.812584401980
23,115,25.346409423453,2.534640942345
23,116,35.780774283000,3.578077428300
23,117,216.049347458497,21.604934745850
23,118,78.465392283160,7.846539228316
23,119,79.047820414593,7.904782041459
23,120,32.411480851325,3.241148085133
23,121,75.427356400908,7.542735640091
23,122,62.461325966226,6.246132596623
23,123,50.801667697353,5.080166769735
23,124,98.726775170434,9.872677517043
23,125,21.026486168061,2.102648616806
23,126,350.289113862997,35.028911386300
23,127,276.025807896335,27.602580789633
23,128,417.047799883270,41.704779988327
23,129,49.362271822513,4.936227182251
23,130,62.444713499301,6.244471349930
23,131,160.024608583767,16.002460858377
23,132,85.901888717795,8.590188871780
23,133,257.108919067253,25.710891906725
23,134,585.773311992451,58.577331199245
23,135,124.315862981985,12.431586298198
23,136,142.957282396839,14.295728239684
23,137,1701.313917121322,170.131391712132
23,138,36.764257119666,3.676425711967
23,139,39.004708629084,3.900470862908
23,140,45.104893265356,4.510489326536
23,141,46.883914909898,4.688391490990
23,142,63.705277407434,6.370527740743
23,143,91.595315861681,9.159531586168
23,144,42.134732947591,4.213473294759
23,145,130.883118283470,13.088311828347
23,146,38.280268700173,3.828026870017
23,147,51.890838056804,5.189083805680
23,148,280.942974132395,28.094297413239
23,149,1111.439743284343,111.143974328434
23,150,618.069745311642,61.806974531164
23,151,522.366377134675,52.236637713468
23,152,234.109082583722,23.410908258372
23,153,183.449984565199,18.344998456520
23,154,125.565517210346,12.556551721035
23,155,351.850127872562,35.185012787256
23,156,379.057257565209,37.905725756521
23,157,178.446966587757,17.844696658776
23,158,466.841499951289,46.684149995129
23,159,324.692277699337,32.469227769934
23,160,926.662558982862,92.666255898286
23,161,152.800788917857,15.280078891786
23,162,55.135290039277,5.513529003928
23,163,57.991456600794,5.799145660079
23,164,48.770049774013,4.877004977401
23,165,1422.042727440261,142.204272744026
23,166,456.761823657947,45.676182365795
23,167,1897.901511630336,189.790151163034
23,168,120.863631189320,12.086363118932
23,169,34.061445943117,3.406144594312
23,170,149.672500230224,14.967250023022
23,171,41.898873109351,4.189887310935
23,172,441.881702304735,44.188170230474
23,173,45.853756000119,4.585375600012
23,174,332.502926560678,33.250292656068
23,175,150.756587670690,15.075658767069
23,176,436.860460203129,43.686046020313
23,177,558.571203231972,55.857120323197
23,178,631.385133446276,63.138513344628
23,179,337.004719136805,33.700471913680
23,180,315.199058680524,31.519905868052
23,181,285.748254163981,28.574825416398
23,182,515.870716606690,51.587071660669
23,183,233.364806873408,23.336480687341
23,184,461.086271950971,46.108627195097
23,185,263.503727044169,26.350372704417
23,186,394.585884996650,39.458588499665
23,187,54.534637783680,5.453463778368
23,188,49.806531339114,4.980653133911
23,189,90.916932137713,9.091693213771
23,190,163.139694079404,16.313969407940
23,191,227.056160571959,22.705616057196
23,192,113.415977127646,11.341597712765
23,193,32.350795757597,3.235079575760
24,1,54.614413569153,5.461441356915
24,2,66.008555441905,6.600855544190
24,3,302.740890505016,30.274089050502
24,4,70.216709383899,7.021670938390
24,5,79.289944281951,7.928994428195
24,6,67.463141753851,6.746314175385
24,7,455.207977676752,45.520797767675
24,8,1039.088176116485,103.908817611648
24,9,263.065202984636,26.306520298464
24,10,577.943870863783,57.794387086378
24,11,478.700157983008,47.870015798301
24,12,262.668519003347,26.266851900335
24,13,283.110618045646,28.311061804565
24,14,303.615205984227,30.361520598423
24,15,89.815296504515,8.981529650451
24,16,386.927836223440,38.692783622344
24,17,417.227426387025,41.722742638702
24,18,435.602747804226,43.560274780423
24,19,410.091170917466,41.009117091747
24,20,211.778866907584,21.177886690758
24,21,639.242421274739,63.924242127474
24,22,516.203489272719,51.620348927272
24,23,302.077849807778,30.207784980778
24,24,494.205457862791,49.420545786279
24,25,399.650528478103,39.965052847810
24,26,471.702694878568,47.170269487857
24,27,26.868990907499,2.686899090750
24,28,106.940369712757,10.694036971276
24,29,520.073215579817,52.007321557982
24,30,404.087063757872,40.408706375787
24,31,328.639099067078,32.863909906708
24,32,135.498853451057,13.549885345106
24,33,390.735426346747,39.073542634675
24,34,873.838964635391,87.383896463539
24,35,532.350138031558,53.235013803156
24,36,614.126705373457,61.412670537346
24,37,752.907313409493,75.290731340949
24,38,304.936055476755,30.493605547676
24,39,588.307504409327,58.830750440933
24,40,891.773983293278,89.177398329328
24,41,161.132762786700,16.113276278670
24,42,983.395108965134,98.339510896513
24,43,512.555442766072,51.255544276607
24,44,158.137822242134,15.813782224213
24,45,289.542565456547,28.954256545655
24,46,910.859491310650,91.085949131065
24,47,2307.066948059561,230.706694805956
24,48,160.928189542052,16.092818954205
24,49,329.247763255322,32.924776325532
24,50,391.533320786290,39.153332078629
24,51,1568.580990260293,156.858099026029
24,52,360.976544431517,36.097654443152
24,53,749.169619144774,74.916961914477
24,54,321.887182641631,32.188718264163
24,55,936.957570284150,93.695757028415
24,56,130.176715892372,13.017671589237
24,57,1475.293298069535,147.529329806954
24,58,1104.363853787979,110.436385378798
24,59,100.279629466175,10.027962946617
24,60,146.037902675346,14.603790267535
24,61,699.148580342955,69.914858034295
24,62,822.899521293015,82.289952129301
24,63,114.008140173691,11.400814017369
24,64,415.410427990809,41.541042799081
24,65,98.791359111359,9.879135911136
24,66,28.538202770081,2.853820277008
24,67,22.610751791815,2.261075179181
24,68,35.698677830673,3.569867783067
24,69,37.146209892804,3.714620989280
24,70,204.878987592258,20.487898759226
24,71,231.057191086579,23.105719108658
24,72,80.669050120872,8.066905012087
24,73,261.970383413277,26.197038341328
24,74,74.500520155164,7.450052015516
24,75,154.611755471879,15.461175547188
24,76,68.827727595236,6.882772759524
24,77,283.841026828621,28.384102682862
24,78,68.696988831989,6.869698883199
24,79,125.223280457376,12.522328045738
24,80,33.227632905734,3.322763290573
24,81,181.366879030273,18.136687903027
24,82,78.859458686963,7.885945868696
24,83,207.382246924687,20.738224692469
24,84,302.509687467315,30.250968746731
24,85,195.318127675712,19.531812767571
24,86,191.269105852472,19.126910585247
24,87,43.756806180281,4.375680618028
24,88,12.303728601040,1.230372860104
24,89,66.369733032456,6.636973303246
24,90,132.919231864376,13.291923186438
24,91,44.495033423468,4.449503342347
24,92,22.582476007138,2.258247600714
24,93,88.044444659175,8.804444465918
24,94,32.544899094428,3.254489909443
24,95,50.010810139587,5.001081013959
24,96,129.386345985966,12.938634598597
24,97,40.259309121779,4.025930912178
24,98,207.561072157509,20.756107215751
24,99,665.946460307387,66.594646030739
24,100,156.063049800578,15.606304980058
24,101,243.391311747240,24.339131174724
24,102,71.653542500477,7.165354250048
24,103,75.117061589034,7.511706158903
24,104,158.686760448606,15.868676044861
24,105,106.378616285786,10.637861628579
24,106,125.897137670997,12.589713767100
24,107,23.904677564215,2.390467756421
24,108,653.442684938664,65.344268493866
24,109,342.187020979319,34.218702097932
24,110,200.251340927905,20.025134092790
24,111,126.811544803325,12.681154480333
24,112,23.444211407511,2.344421140751
24,113,498.341776027498,49.834177602750
24,114,55.123847976659,5.512384797666
24,115,24.037356246160,2.403735624616
24,116,33.932822745619,3.393282274562
24,117,204.891156173190,20.489115617319
24,118,74.412929886622,7.441292988662
24,119,74.965277647172,7.496527764717
24,120,30.737541506294,3.073754150629
24,121,71.531797905745,7.153179790574
24,122,59.235417481596,5.923541748160
24,123,48.177939681287,4.817793968129
24,124,93.627883388107,9.362788338811
24,125,19.940541880420,1.994054188042
24,126,332.197909313560,33.219790931356
24,127,261.770042718518,26.177004271852
24,128,395.508743269789,39.550874326979
24,129,46.812883556581,4.681288355658
24,130,59.219662990342,5.921966299034
24,131,151.759898627736,15.175989862774
24,132,81.465357354207,8.146535735421
24,133,243.830144871176,24.383014487118
24,134,555.520174262908,55.552017426291
24,135,117.895384534497,11.789538453450
24,136,135.574039997007,13.557403999701
24,137,1613.447018438639,161.344701843864
24,138,34.865512142052,3.486551214205
24,139,36.990252186467,3.699025218647
24,140,42.775383674706,4.277538367471
24,141,44.462525088902,4.446252508890
24,142,60.415123192401,6.041512319240
24,143,86.864738948371,8.686473894837
24,144,39.958621723395,3.995862172340
24,145,124.123464125731,12.412346412573
24,146,36.303227039857,3.630322703986
24,147,49.210858210515,4.921085821051
24,148,266.433254559024,26.643325455902
24,149,1054.037777467056,105.403777746706
24,150,586.148610038723,58.614861003872
24,151,495.387985273522,49.538798527352
24,152,222.018169300131,22.201816930013
24,153,173.975436073640,17.397543607364
24,154,119.080498503493,11.908049850349
24,155,333.678302422748,33.367830242275
24,156,359.480279260244,35.948027926024
24,157,169.230806433181,16.923080643318
24,158,442.730773315667,44.273077331567
24,159,307.923059990279,30.792305999028
24,160,878.803686870093,87.880368687009
24,161,144.909163919458,14.490916391946
24,162,52.287745623771,5.228774562377
24,163,54.996401196660,5.499640119666
24,164,46.251247700441,4.625124770044
24,165,1348.599206525638,134.859920652564
24,166,433.171676961575,43.317167696158
24,167,1799.881552965504,179.988155296550
24,168,114.621448409729,11.462144840973
24,169,32.302291686192,3.230229168619
24,170,141.942440374153,14.194244037415
24,171,39.734943218830,3.973494321883
24,172,419.060061703665,41.906006170366
24,173,43.485570274877,4.348557027488
24,174,315.330316223582,31.533031622358
24,175,142.970538499341,14.297053849934
24,176,414.298149151158,41.429814915116
24,177,529.722959044037,52.972295904404
24,178,598.776305062537,59.877630506254
24,179,319.599606997310,31.959960699731
24,180,298.920132448721,29.892013244872
24,181,270.990358725223,27.099035872522
24,182,489.227802836761,48.922780283676
24,183,221.312332820680,22.131233282068
24,184,437.272782662620,43.727278266262
24,185,249.894683437522,24.989468343752
24,186,374.206907531232,37.420690753123
24,187,51.718114951173,5.171811495117
24,188,47.234198626809,4.723419862681
24,189,86.221391365201,8.622139136520
24,190,154.714100879618,15.471410087962
24,191,215.329505981363,21.532950598136
24,192,107.558439567421,10.755843956742
24,193,30.679990584883,3.067999058488
